-1 -1 -1 -1 -1 -1 -1 -1 -1 -1 -1 -1 -1 -1 -1 -1 -1 -1 -1 -1 -1 -1 -1 -1 -1 -1 -1 -1 -1 -1 -1 -1 -1 -1 -1 -1 -1 -1 -1 -1 -1 -1 -1 -1 -1 -1 -1 -1 -1 -1 -1 -1 -1 -1 -1 -1 -1 -1 -1 -1 -1 -1 -1 -1 -1 -1 -1 -1 -1 -1 -1 -1 -1 -1 -1 -1 -1 -1 -1 -1 -1 -1 -1 -1 -1 -1 -1 -1 -1 -1 -1 -1 -1 -1 -1 -1 -1 -1 -1 -1 
32 137 36 135 131 133 139 38 37 132 96 91 190 191 196 197 193 94 97 195 64 63 67 68 66 62 69 167 65 168 112 12 17 18 16 110 116 115 15 14 25 124 27 120 123 126 128 24 22 121 56 150 53 154 52 157 159 58 153 156 146 41 43 40 48 49 140 145 144 142 80 182 188 187 184 81 89 181 189 82 76 172 171 175 78 177 178 71 173 77 106 6 107 1 3 7 105 5 104 101 
36 39 133 130 138 139 33 31 137 34 196 197 97 98 193 99 198 94 194 195 161 60 69 68 169 165 65 61 167 166 11 114 113 13 10 119 112 116 110 118 24 21 22 27 25 29 127 23 124 122 159 158 151 150 155 153 52 56 51 152 146 49 46 40 141 41 45 43 145 44 189 81 89 82 185 183 182 187 181 188 76 172 171 77 71 177 79 179 78 173 9 109 106 101 5 104 100 108 6 103 
32 34 30 131 130 33 39 139 135 133 91 96 98 198 92 90 197 94 190 93 60 165 66 168 67 166 65 69 161 164 15 111 14 112 115 19 11 117 114 113 27 24 122 129 29 123 25 26 121 127 156 52 153 152 53 158 56 150 54 155 44 145 41 146 42 141 43 149 142 45 87 80 188 181 180 182 84 82 183 186 72 174 78 70 178 74 171 77 79 71 7 0 6 107 105 101 9 103 1 108 
34 31 133 136 37 131 132 38 35 130 190 197 195 194 90 196 96 95 99 198 69 164 161 61 163 168 65 68 167 169 18 14 118 112 15 114 12 119 111 11 120 22 124 122 26 128 129 25 29 28 159 58 57 153 54 55 154 152 151 157 144 42 145 147 44 45 40 43 146 141 181 180 184 88 83 186 84 182 87 86 175 178 74 179 70 176 173 170 76 71 100 102 4 1 8 0 105 6 107 9 
133 134 39 130 30 135 34 131 136 31 191 99 98 196 92 192 198 193 97 90 165 164 169 160 67 161 68 62 166 63 16 113 11 117 118 14 119 18 12 17 122 120 27 22 25 128 124 121 127 126 58 57 53 156 51 150 54 56 52 153 47 45 146 149 42 145 49 141 40 48 88 189 184 81 182 84 183 83 82 185 177 73 74 178 71 170 171 76 70 79 108 102 2 7 106 105 107 4 5 104 
138 39 33 30 139 31 32 34 133 134 98 97 196 199 93 197 91 94 192 193 163 64 161 160 67 66 164 168 63 68 17 18 14 117 115 119 112 15 111 110 25 123 23 20 22 126 121 127 122 27 150 154 55 157 50 159 151 152 54 59 149 148 141 140 45 46 144 40 44 47 185 82 184 189 188 84 81 180 183 187 178 177 176 78 77 174 175 72 70 75 106 107 0 105 3 6 5 102 100 9 
38 137 33 37 32 31 134 139 131 133 97 95 193 197 90 192 99 198 96 91 69 161 160 63 165 168 166 65 60 169 13 11 14 18 12 114 10 17 110 112 26 123 129 121 120 24 127 22 23 28 50 151 159 157 52 154 58 59 150 57 48 44 144 46 140 41 141 145 43 47 189 187 180 85 82 89 185 182 184 87 179 73 171 172 175 76 75 174 79 178 4 104 106 2 3 108 1 100 107 8 
37 136 138 36 132 39 31 30 134 137 94 198 98 90 96 97 196 193 92 199 63 64 69 165 65 66 161 62 169 166 13 19 110 14 115 117 116 112 10 16 124 25 129 121 27 26 28 123 127 29 150 56 151 159 155 59 55 50 51 156 41 42 44 46 43 148 143 147 47 40 81 85 182 186 184 87 86 183 180 187 74 170 79 174 71 178 171 173 78 75 3 8 107 101 105 2 4 9 7 109 
30 139 32 131 33 35 137 34 134 36 194 99 198 92 193 199 91 196 96 195 61 63 69 66 160 163 62 64 67 164 17 115 118 15 18 119 16 110 10 113 127 29 129 20 120 23 125 24 121 126 156 58 50 152 56 53 159 151 59 155 146 142 143 49 47 141 48 144 45 43 88 84 188 89 85 180 80 183 87 86 175 78 178 76 179 74 176 73 173 177 108 105 7 109 4 2 0 100 3 103 
34 38 35 37 137 130 134 36 32 33 93 96 195 99 196 199 190 192 191 90 68 160 62 67 166 63 60 65 168 61 115 110 118 117 113 17 18 14 12 15 123 20 26 125 126 21 25 129 28 29 57 54 50 155 157 151 58 158 150 55 141 47 44 45 144 42 40 46 148 140 87 89 184 85 188 80 83 183 185 182 176 174 177 71 76 73 170 173 178 78 105 5 107 109 102 101 106 1 0 7 
38 32 139 135 37 134 131 137 30 133 93 90 199 190 94 91 98 95 97 196 165 65 66 61 64 168 163 164 63 160 12 113 15 112 14 114 115 111 118 117 129 28 21 122 20 22 121 26 24 124 56 158 53 155 154 159 156 152 57 52 145 142 140 41 44 42 45 148 146 40 80 85 181 188 182 82 89 186 88 187 176 178 175 177 73 174 75 71 74 77 105 104 109 2 4 1 0 101 3 6 
30 35 33 135 133 138 139 132 32 130 194 90 95 199 190 195 99 191 92 97 61 168 160 163 67 166 60 169 161 68 111 12 14 18 19 110 118 116 112 117 22 125 28 122 129 20 123 25 23 126 57 50 53 51 156 158 157 150 52 55 47 141 46 142 41 42 140 49 43 45 80 183 84 182 181 89 180 184 87 81 74 173 170 75 177 179 72 172 178 78 2 106 1 108 101 109 104 100 107 102 
133 31 134 136 138 32 38 37 33 130 197 196 92 98 198 193 99 191 97 194 162 168 63 67 62 167 163 165 68 160 114 12 110 117 119 113 19 10 16 18 24 27 128 127 121 21 22 123 28 29 154 58 155 156 54 55 158 159 56 51 148 41 43 47 49 40 149 46 146 140 81 189 86 188 187 83 183 89 82 182 173 171 178 172 175 73 75 70 72 174 7 102 106 109 5 0 6 1 108 105 
134 33 138 32 39 130 132 131 139 37 190 199 92 195 90 93 99 193 192 191 62 64 169 61 163 164 162 66 161 63 118 112 119 10 15 113 116 13 19 18 129 125 123 120 24 122 26 127 22 124 52 151 152 59 55 158 54 154 153 50 149 143 140 42 144 145 47 142 44 43 88 185 184 86 180 83 89 183 82 186 72 178 171 77 78 173 175 174 172 177 1 4 104 9 8 2 3 106 107 102 
39 36 133 132 138 30 137 135 34 37 90 195 93 95 92 199 192 99 196 197 68 163 162 63 167 164 169 69 64 61 112 119 15 110 111 13 118 113 114 14 21 23 124 24 123 129 120 22 27 122 154 56 52 57 150 156 153 53 159 58 149 146 144 41 45 43 143 48 49 140 86 185 181 180 81 188 83 85 186 82 176 73 173 175 179 171 178 174 77 79 100 0 109 104 7 3 5 6 1 103 
133 135 36 34 137 35 30 136 139 31 198 197 190 92 193 97 93 196 90 99 161 60 163 160 166 164 162 67 62 64 17 118 14 113 119 15 10 16 117 11 129 23 125 128 25 20 124 21 22 27 154 56 156 155 59 153 150 158 157 54 47 41 148 143 144 48 145 42 142 46 184 87 189 185 187 89 80 182 88 180 70 177 76 175 79 73 75 171 77 178 106 101 109 100 105 107 104 3 103 0 
135 132 37 34 39 38 32 131 133 134 195 194 94 99 192 198 191 92 96 196 61 66 65 164 60 169 165 69 162 62 114 117 110 17 14 112 118 115 113 16 126 20 25 28 26 123 121 127 29 27 158 54 55 58 51 57 150 59 152 159 148 141 40 49 142 44 145 43 42 47 88 81 184 183 180 188 89 189 83 186 172 173 176 74 170 78 71 171 70 174 7 6 103 4 100 109 102 1 3 106 
138 135 31 131 136 130 133 134 33 139 94 93 98 92 192 198 191 195 196 190 62 64 67 165 160 167 161 164 166 69 115 118 110 116 117 18 10 13 14 19 124 129 128 125 22 29 25 23 20 121 52 159 157 50 59 150 58 56 151 51 148 145 49 142 140 41 40 47 45 143 186 80 84 89 189 85 180 83 182 88 171 174 172 73 78 177 178 175 72 71 108 3 101 5 6 2 109 103 104 0 
31 38 139 36 39 37 137 34 136 30 197 191 93 199 97 92 98 91 95 99 166 165 66 69 161 64 68 65 62 162 119 115 114 16 13 10 17 19 110 113 128 122 125 25 126 20 24 28 121 27 53 55 159 155 152 56 50 52 59 158 145 147 49 148 48 46 47 40 143 44 182 83 186 184 80 188 87 189 185 180 171 70 178 71 77 76 173 176 75 79 7 109 101 103 104 100 0 6 5 9 
37 38 137 134 131 32 130 33 136 135 199 93 197 194 190 94 98 92 90 97 68 165 163 60 64 169 164 61 168 167 12 16 17 19 11 116 118 15 119 110 129 20 124 22 121 26 120 25 23 125 56 55 51 52 158 154 59 58 53 157 147 140 46 146 42 141 44 47 40 143 81 87 188 184 189 80 186 89 180 182 72 177 77 70 73 173 74 175 174 179 5 0 1 107 7 108 3 106 100 6 
33 134 31 130 133 36 132 30 34 135 197 191 192 96 91 93 196 193 95 98 167 66 68 63 61 166 168 69 162 64 115 11 14 118 16 110 111 18 17 10 22 29 21 25 123 24 125 121 128 129 154 50 52 58 51 158 152 56 54 157 48 43 143 42 41 142 141 145 149 49 180 83 80 181 89 86 186 189 87 84 174 176 170 179 74 76 70 72 175 178 3 7 105 2 9 103 108 101 102 109 
131 37 34 132 31 36 30 39 135 137 93 90 99 96 95 199 97 198 192 193 162 161 160 63 169 61 166 164 167 163 112 14 117 17 16 11 114 19 119 12 25 26 22 21 120 123 20 126 127 125 59 154 156 159 153 56 52 157 55 152 49 149 46 143 148 43 144 44 146 47 188 180 185 86 83 81 85 82 87 181 170 70 179 78 178 72 79 76 74 175 4 0 5 100 105 106 3 7 104 101 
30 38 39 134 35 133 32 36 139 34 192 93 195 196 94 98 97 191 95 99 61 66 69 166 62 60 165 164 63 162 118 11 16 111 10 13 12 117 19 115 121 26 24 29 127 123 25 22 122 126 55 155 158 54 50 59 150 57 156 159 144 146 42 141 44 148 45 46 40 140 85 184 81 80 89 183 84 187 82 180 170 78 172 178 173 175 71 176 76 179 9 3 100 0 103 4 101 5 1 7 
131 35 33 139 32 134 34 130 138 133 194 190 92 99 195 192 94 198 91 95 67 65 60 62 161 160 68 163 164 69 117 112 119 113 12 115 111 114 15 19 124 123 23 20 25 26 122 127 121 28 57 154 157 50 52 59 56 155 153 55 46 142 144 143 43 145 42 140 45 41 180 87 85 181 89 182 188 186 81 88 178 71 173 174 171 74 170 76 72 175 9 104 108 101 3 100 103 1 2 5 
34 37 134 36 38 137 139 32 136 131 98 196 99 198 190 192 191 93 95 96 66 62 165 68 168 163 69 160 61 169 114 10 17 14 116 118 117 16 112 110 125 21 129 123 127 22 122 24 20 126 58 50 59 156 159 158 152 54 55 151 141 148 42 48 49 142 40 45 140 41 89 86 83 80 185 188 88 81 85 183 179 176 70 73 171 178 170 177 74 72 6 1 9 101 3 0 108 100 103 107 
131 31 38 30 36 138 132 139 32 135 90 194 198 195 199 91 95 191 197 96 60 169 164 165 162 65 63 160 67 62 114 13 10 19 12 110 18 11 16 117 125 126 121 29 28 26 21 120 24 27 51 57 151 152 59 55 158 52 150 53 148 146 49 47 147 44 42 140 149 141 85 88 189 87 186 84 81 185 182 187 70 76 74 177 72 172 79 178 170 175 103 0 3 1 105 108 2 107 104 7 
138 136 134 36 139 33 37 135 31 39 98 194 192 199 99 90 196 195 96 198 169 168 64 67 68 167 162 60 166 61 19 10 118 110 115 117 17 12 14 116 122 23 22 127 129 21 29 26 20 120 158 151 153 52 152 57 150 154 159 50 48 144 146 49 143 46 42 43 45 40 180 186 81 83 182 185 88 85 86 188 71 77 171 76 179 172 177 75 70 173 106 101 105 0 9 103 100 3 7 6 
37 130 34 133 132 138 39 134 135 131 96 193 95 199 194 98 191 190 92 195 167 67 161 69 160 60 165 162 65 61 110 19 118 17 116 18 15 113 11 12 129 127 123 26 23 29 124 28 126 121 153 59 155 54 157 53 158 156 150 152 140 49 148 44 143 146 45 41 141 43 84 87 184 181 180 85 186 187 86 81 171 176 174 79 74 172 170 73 72 179 100 7 9 104 105 101 1 0 8 106 
39 137 36 130 38 31 30 35 132 34 91 196 193 95 191 93 190 192 96 194 60 66 166 167 169 65 161 67 164 168 14 116 118 111 115 19 112 114 10 113 23 121 25 120 126 27 128 127 21 122 57 51 151 150 54 159 56 153 157 58 47 143 49 146 141 41 45 42 40 44 85 189 183 83 184 81 89 188 80 88 73 77 172 175 179 173 75 178 76 170 108 5 101 100 0 7 4 103 3 102 
