-1 -1 -1 -1 -1 -1 -1 -1 -1 -1 -1 -1 -1 -1 -1 -1 -1 -1 -1 -1 -1 -1 -1 -1 -1 -1 -1 -1 -1 -1 -1 -1 -1 -1 -1 -1 
50 98 0 15 6 97 68 49 3 18 43 79 138 128 113 31 129 22 133 146 150 123 116 4 210 163 5 191 187 168 199 201 188 198 186 203 
47 89 12 78 15 60 69 81 45 68 103 55 118 153 108 134 155 148 105 149 28 152 145 119 188 200 29 169 162 168 184 172 165 205 164 203 
41 72 91 93 57 75 44 81 85 67 12 54 25 132 131 4 148 28 149 108 10 19 110 146 166 209 159 194 201 181 210 191 8 2 192 158 
56 42 3 33 63 51 50 39 86 62 54 15 156 124 123 16 143 111 157 138 118 114 150 117 208 194 170 177 26 169 20 190 29 185 14 32 
65 97 62 59 94 70 74 82 47 54 21 103 31 125 110 113 136 22 127 112 1 105 119 146 205 166 173 201 23 183 171 158 161 186 32 188 
90 59 33 0 81 88 37 101 93 102 30 42 143 139 110 128 131 25 130 10 105 126 13 106 32 182 201 195 183 20 186 200 187 164 199 2 
92 12 48 52 84 72 21 42 75 101 59 80 138 147 114 144 139 118 1 154 145 111 125 113 160 204 177 192 168 165 159 186 169 190 26 182 
80 51 82 37 68 92 96 78 95 63 90 71 151 119 1 130 10 105 125 25 4 28 122 146 189 161 20 8 200 174 26 181 165 5 183 185 
78 64 45 76 104 43 73 39 98 96 65 57 148 122 144 119 132 152 127 112 13 141 147 124 207 180 168 26 165 173 189 182 184 201 197 190 
39 69 94 102 74 76 3 87 42 75 78 99 107 125 151 129 135 117 144 115 118 4 19 148 26 173 184 200 203 201 190 188 206 189 182 194 
21 60 46 58 42 77 24 101 61 80 82 67 142 126 112 136 111 105 155 138 110 16 31 19 192 166 167 26 17 206 187 161 210 168 8 29 
37 72 86 102 87 85 15 71 101 39 80 84 119 125 108 145 140 135 28 22 123 141 109 148 35 209 159 23 180 193 11 170 158 205 164 171 
66 49 92 99 51 65 56 45 100 78 76 9 134 10 125 110 25 147 150 129 7 114 156 108 190 14 29 172 17 205 204 210 160 175 191 207 
59 60 103 95 85 100 96 62 44 3 82 57 124 121 126 147 112 150 151 146 132 108 137 153 17 174 197 185 183 200 188 167 205 29 182 2 
68 39 41 15 0 69 48 40 67 45 95 91 124 148 105 22 142 133 149 125 115 107 31 135 163 17 203 14 205 20 175 196 185 170 183 29 
24 92 82 60 49 66 40 15 73 102 39 96 108 155 117 107 22 120 127 140 147 144 115 28 179 181 163 173 199 200 187 5 182 195 192 161 
59 38 79 58 42 98 21 39 48 54 55 76 150 109 123 121 139 125 141 119 107 116 156 13 200 177 182 162 204 173 185 11 17 174 193 187 
46 77 60 57 52 55 43 53 61 87 94 56 153 22 110 152 144 127 116 120 115 138 113 132 184 171 164 198 209 203 162 176 163 193 195 205 
84 18 89 36 56 66 86 30 27 82 57 33 130 128 125 136 143 110 108 122 19 105 126 28 167 195 194 209 182 196 163 172 200 2 199 29 
37 0 74 36 54 63 50 67 57 79 84 81 105 137 19 143 133 7 129 4 107 118 128 22 164 165 185 169 175 201 182 5 26 208 23 166 
86 104 27 77 42 87 45 38 44 3 41 85 119 109 112 106 139 118 140 1 123 117 132 7 159 160 180 158 14 205 203 204 209 192 196 187 
27 64 77 3 33 80 102 97 104 70 87 75 13 129 10 144 19 34 119 28 143 115 126 123 163 170 171 2 164 202 169 204 203 158 17 26 
63 101 37 102 81 33 36 50 86 62 24 27 137 126 134 146 16 22 10 139 142 148 141 119 190 205 184 163 199 11 186 181 178 14 167 29 
24 36 45 44 60 90 88 81 46 33 59 73 131 130 132 153 156 155 127 22 106 116 122 138 181 185 17 183 199 200 191 8 160 11 209 170 
41 55 94 63 36 6 65 61 88 51 79 50 34 116 118 121 133 107 155 153 25 16 137 143 170 199 11 183 185 165 20 209 14 197 201 173 
69 83 9 51 84 87 73 46 24 30 15 49 123 130 151 149 118 22 116 152 105 133 31 122 203 208 176 207 183 191 204 195 206 23 167 26 
91 89 77 74 85 66 12 67 57 52 83 54 109 106 126 119 7 121 127 112 124 148 1 28 175 177 167 199 178 188 160 205 159 163 192 196 
9 49 83 30 0 36 18 59 65 87 77 76 147 143 140 106 136 1 117 31 28 150 123 132 161 29 2 190 11 14 169 171 175 35 198 207 
67 73 91 98 33 96 39 94 93 92 42 58 7 107 22 157 146 141 131 31 136 135 28 109 194 26 165 193 171 192 200 189 195 191 206 168 
