-1 -1 -1 -1 -1 -1 -1 -1 -1 -1 -1 -1 -1 -1 -1 -1 -1 -1 -1 -1 -1 -1 -1 -1 -1 -1 -1 -1 -1 -1 
5 0 4 3 35 2 11 40 8 37 41 36 42 43 13 17 14 15 51 49 21 19 50 20 26 54 59 25 56 28 
34 30 5 31 35 33 37 38 39 40 6 9 45 17 43 13 14 46 21 19 51 50 23 53 59 56 57 26 25 29 
5 35 30 32 34 3 6 8 39 11 7 37 43 46 42 12 15 14 53 48 22 51 20 19 29 58 28 59 25 54 
35 33 4 0 30 32 11 40 36 7 37 39 16 14 44 47 42 17 23 48 52 53 51 50 27 56 24 25 58 26 
2 31 30 32 34 33 11 41 39 10 40 7 16 44 42 17 47 43 20 21 49 48 50 53 55 56 58 29 54 25 
35 3 2 1 4 5 40 10 11 36 37 6 17 46 44 16 14 15 48 21 49 50 18 52 27 55 58 56 28 57 
1 3 0 31 33 32 10 9 38 40 8 36 14 43 45 16 42 46 19 23 22 50 18 51 55 27 57 59 54 56 
5 30 33 2 32 3 11 39 36 41 9 40 12 14 47 13 16 46 50 22 19 51 20 18 59 27 55 29 26 58 
2 0 33 3 35 34 37 36 7 9 10 8 45 16 44 12 43 46 19 52 18 53 51 23 29 54 55 24 27 57 
2 31 5 4 35 1 10 11 8 6 37 7 44 16 45 47 12 42 18 21 20 53 52 19 57 55 26 54 25 29 
33 35 2 0 32 4 6 40 8 11 41 7 47 42 13 14 16 12 21 22 51 23 53 52 57 29 54 59 25 27 
2 33 1 5 34 4 41 40 7 9 6 11 12 17 44 16 14 15 22 19 52 21 23 18 56 58 24 29 28 27 
30 31 34 33 3 32 36 37 8 10 41 40 17 16 15 13 46 43 22 21 48 20 50 52 58 26 59 27 24 57 
30 5 0 1 3 34 9 6 39 7 37 10 16 13 14 47 44 12 53 22 48 52 50 23 29 27 54 58 59 26 
30 35 1 2 34 5 9 41 6 37 11 10 45 17 47 15 44 12 49 53 20 22 18 19 29 26 25 58 27 56 
32 1 35 2 0 30 10 8 39 6 41 9 13 44 45 46 16 15 53 21 22 19 50 48 57 28 56 24 26 27 
1 32 3 5 31 34 39 6 10 8 11 40 16 43 13 47 45 46 51 50 48 19 52 53 54 28 25 29 27 59 
1 31 33 4 3 0 37 6 40 36 41 7 15 47 16 42 17 44 22 23 48 50 51 52 26 24 59 54 29 56 
0 35 4 1 32 34 36 40 41 11 37 9 47 15 14 44 45 17 53 21 19 22 20 52 58 28 27 25 26 56 
2 3 35 31 0 33 11 36 9 37 40 10 46 44 16 43 45 47 50 18 53 48 49 21 57 26 27 56 54 28 
5 32 30 4 31 33 6 7 41 9 8 36 47 13 14 44 46 12 22 50 48 19 23 52 29 25 26 54 24 57 
0 33 4 31 35 1 38 11 40 9 7 10 13 16 46 43 44 42 20 19 50 23 48 53 26 25 27 24 59 28 
2 35 5 33 34 30 7 36 9 39 8 40 14 42 44 46 45 15 50 49 51 23 48 22 56 58 57 59 24 55 
32 1 4 34 35 33 10 11 6 8 36 39 44 43 47 17 42 14 18 52 21 20 48 22 56 29 28 54 58 25 
3 4 30 32 2 33 11 38 41 9 10 39 15 46 45 16 44 12 53 21 50 23 19 49 25 57 59 28 58 24 
4 34 35 32 30 3 36 10 7 38 9 41 12 14 16 46 47 44 48 20 51 18 50 23 57 26 24 58 29 54 
2 5 30 1 33 0 38 10 8 41 9 11 43 12 45 16 14 46 53 51 18 21 19 49 28 24 56 29 25 55 
32 30 31 34 5 4 37 40 38 9 36 8 44 16 13 45 46 43 21 18 19 23 51 52 27 55 25 57 54 28 
3 32 4 5 2 33 11 37 7 41 6 39 13 15 12 14 42 46 52 22 18 49 23 20 57 29 58 26 55 59 
