-1 -1 -1 -1 -1 -1 -1 -1 -1 -1 -1 -1 -1 -1 -1 -1 -1 -1 -1 -1 
2 27 6 25 21 23 29 8 7 22 16 11 30 31 36 37 33 14 17 35 
6 9 23 20 28 29 3 1 27 4 36 37 17 18 33 19 38 14 34 35 
2 4 0 21 20 3 9 29 25 23 11 16 18 38 12 10 37 14 30 13 
4 1 23 26 7 21 22 8 5 20 30 37 35 34 10 36 16 15 19 38 
23 24 9 20 0 25 4 21 26 1 31 19 18 36 12 32 38 33 17 10 
28 9 3 0 29 1 2 4 23 24 18 17 36 39 13 37 11 14 32 33 
8 27 3 7 2 1 24 29 21 23 17 15 33 37 10 32 19 38 16 11 
7 26 28 6 22 9 1 0 24 27 14 38 18 10 16 17 36 33 12 39 
0 29 2 21 3 5 27 4 24 6 34 19 38 12 33 39 11 36 16 35 
4 8 5 7 27 20 24 6 2 3 13 16 35 19 36 39 30 32 31 10 
8 2 29 25 7 24 21 27 0 23 13 10 39 30 14 11 18 15 17 36 
0 5 3 25 23 28 29 22 2 20 34 10 15 39 30 35 19 31 12 17 
23 1 24 26 28 2 8 7 3 20 37 36 12 18 38 33 19 31 17 34 
24 3 28 2 9 20 22 21 29 7 30 39 12 35 10 13 19 33 32 31 
9 6 23 22 28 0 27 25 4 7 10 35 13 15 12 39 32 19 36 37 
23 25 6 4 27 5 0 26 29 1 38 37 30 12 33 17 13 36 10 19 
25 22 7 4 9 8 2 21 23 24 35 34 14 19 32 38 31 12 16 36 
28 25 1 21 26 20 23 24 3 29 14 13 18 12 32 38 31 35 36 30 
1 8 29 6 9 7 27 4 26 0 37 31 13 39 17 12 18 11 15 19 
7 8 27 24 21 2 20 3 26 25 39 13 37 34 30 14 18 12 10 17 
3 24 1 20 23 6 22 0 4 25 37 31 32 16 11 13 36 33 15 18 
21 7 4 22 1 6 0 9 25 27 13 10 19 16 15 39 17 38 32 33 
0 8 9 24 5 23 2 6 29 4 32 13 35 36 14 18 17 31 15 19 
21 5 3 29 2 24 4 20 28 23 34 30 12 19 35 32 14 38 11 15 
4 7 24 6 8 27 29 2 26 21 18 36 19 38 30 32 31 13 15 16 
21 1 8 0 6 28 22 29 2 25 10 34 38 35 39 11 15 31 37 16 
28 26 24 6 29 3 7 25 1 9 18 34 32 39 19 10 36 35 16 38 
7 20 4 23 22 28 9 24 25 21 16 33 15 39 34 18 31 30 12 35 
9 27 6 20 8 1 0 5 22 4 11 36 33 15 31 13 30 32 16 34 
