-1 -1 -1 -1 -1 -1 -1 -1 -1 -1 -1 -1 -1 -1 -1 -1 -1 -1 -1 -1 -1 -1 -1 -1 -1 -1 -1 -1 -1 -1 
76 30 8 47 78 50 1 51 75 46 116 122 127 11 12 110 16 105 129 118 170 139 159 26 20 168 131 133 137 157 
35 32 6 73 55 75 1 77 76 79 96 104 129 97 105 103 15 106 98 90 28 135 140 177 136 134 144 139 138 148 
72 78 64 74 53 56 52 62 46 43 125 86 122 113 127 90 88 115 129 99 172 27 148 137 141 174 164 130 154 178 
63 64 0 71 47 34 74 40 75 37 89 90 96 120 87 123 16 124 98 106 160 174 150 130 162 136 154 137 26 144 
40 36 3 69 45 9 35 34 77 31 84 108 107 96 90 103 16 122 87 102 165 173 27 172 154 175 137 176 149 177 
45 56 61 36 46 73 47 3 0 39 87 89 13 103 95 109 16 116 82 126 157 176 132 166 171 167 135 175 179 172 
7 52 69 76 50 31 65 73 54 59 118 90 92 112 95 97 88 124 103 123 161 163 174 139 165 131 176 175 155 179 
73 75 47 78 7 6 68 61 1 65 83 121 100 126 85 88 120 17 102 118 139 147 161 143 162 132 133 148 25 145 
9 48 77 53 74 68 57 0 65 36 10 115 102 82 87 126 119 14 18 116 145 21 20 175 137 147 170 179 166 154 
58 1 44 3 48 37 6 70 32 38 80 125 129 127 115 110 83 117 122 106 175 139 173 153 26 135 151 172 131 144 
76 35 66 33 54 67 40 1 74 31 101 111 124 84 87 121 96 118 91 105 147 140 156 162 20 137 23 161 146 179 
34 74 4 56 63 9 69 7 58 46 97 117 121 94 128 106 126 115 18 118 29 149 147 162 177 134 131 157 25 144 
46 4 57 61 64 5 76 37 75 35 116 111 82 16 110 99 92 87 112 117 150 134 152 147 158 154 164 28 22 166 
52 67 68 64 9 4 70 61 56 49 16 85 14 107 102 89 81 95 119 108 175 168 153 159 140 137 157 29 141 134 
51 2 59 39 8 69 78 55 3 0 19 109 103 86 111 123 88 120 101 17 144 166 24 178 26 153 151 132 160 139 
8 57 65 46 51 59 64 1 7 73 19 105 117 128 96 17 110 89 92 14 20 163 152 130 26 150 160 174 28 166 
55 70 2 5 76 7 52 68 66 8 10 119 118 91 82 117 89 110 19 86 163 133 29 161 147 165 135 134 141 148 
4 33 36 31 6 70 79 62 39 77 126 113 90 106 87 112 102 91 108 18 154 170 160 145 150 27 139 134 176 152 
59 57 73 43 3 49 7 46 31 48 122 128 16 107 116 83 112 94 18 10 147 23 27 173 146 132 133 169 130 138 
40 64 72 71 38 2 55 9 53 0 11 114 84 128 18 129 124 86 16 102 150 154 161 144 136 176 131 169 162 20 
48 33 53 40 51 54 62 75 49 32 107 121 83 127 85 10 13 113 88 96 21 155 156 173 24 29 160 176 132 28 
60 50 46 57 47 37 76 35 77 67 123 114 99 126 100 103 113 96 116 10 148 145 136 20 178 160 159 156 151 173 
5 76 69 50 49 51 46 40 62 67 91 84 123 13 104 85 81 80 122 102 159 138 149 25 164 150 28 172 154 153 
47 8 38 2 76 6 65 42 5 72 109 124 99 108 88 113 13 11 105 118 24 138 147 134 170 160 132 178 156 23 
59 66 40 9 32 0 30 69 47 44 14 84 120 85 12 82 123 122 114 103 168 178 23 133 152 165 164 163 144 171 
64 38 33 40 3 51 55 66 0 60 18 14 12 124 112 98 89 127 104 94 131 171 172 29 149 168 158 136 25 146 
34 64 50 74 41 46 42 70 2 40 17 18 109 105 118 128 86 14 16 87 133 155 168 170 23 147 20 28 156 163 
42 43 37 69 35 54 9 5 1 48 86 97 114 105 116 120 108 87 14 102 23 178 133 135 164 154 29 24 134 153 
49 59 68 70 6 55 47 53 73 31 123 126 105 113 80 84 15 95 103 13 23 22 130 178 140 155 147 171 149 133 
