-1 -1 -1 -1 -1 -1 -1 -1 -1 -1 -1 -1 -1 -1 -1 -1 -1 -1 -1 -1 -1 -1 -1 -1 -1 -1 -1 -1 -1 -1 -1 -1 -1 -1 -1 -1 -1 -1 -1 -1 -1 -1 -1 -1 -1 -1 -1 -1 -1 -1 -1 -1 -1 -1 -1 -1 -1 -1 -1 -1 
71 41 88 16 93 20 10 70 23 115 98 91 50 0 112 113 45 15 19 62 38 100 89 101 105 31 78 59 39 43 83 2 55 61 99 32 107 86 25 28 63 82 102 51 94 40 53 74 33 67 66 64 69 57 92 27 46 29 119 44 
72 109 88 108 98 113 36 16 96 42 20 6 23 93 41 116 83 59 30 78 103 104 2 101 89 68 4 14 100 80 49 62 63 106 28 35 25 86 55 12 95 58 107 33 69 29 44 67 27 66 92 77 22 64 1 57 74 7 21 53 
54 41 91 108 23 115 71 42 10 116 26 36 112 109 3 0 38 11 2 81 80 4 14 114 30 52 62 83 56 15 19 105 95 87 35 82 65 37 75 111 24 107 28 21 27 22 77 5 74 110 60 92 94 1 18 7 119 53 40 51 
17 47 115 13 70 50 93 0 71 108 26 72 91 41 113 112 85 31 68 62 103 80 114 101 11 38 49 19 100 78 59 30 111 86 28 102 61 75 32 35 63 48 87 46 53 8 29 64 7 119 69 94 21 18 27 77 44 74 9 60 
10 109 70 88 98 116 47 112 26 93 54 108 3 113 36 91 15 104 49 2 62 100 59 39 103 78 68 43 11 89 30 38 37 73 99 87 75 106 82 97 76 28 35 119 67 57 7 77 44 40 60 9 79 8 92 18 64 33 110 53 
0 116 88 98 42 112 41 13 93 54 16 20 47 108 109 96 43 62 39 103 104 14 52 85 38 83 49 68 45 30 81 114 65 86 34 12 25 84 32 75 37 61 63 18 66 53 92 74 46 64 29 51 77 94 5 60 22 8 33 7 
16 88 54 3 108 115 41 96 26 72 17 10 6 50 20 98 85 68 31 89 59 103 114 49 83 100 11 101 105 4 78 15 75 99 37 102 118 28 86 25 84 24 61 51 57 46 67 40 33 27 94 110 90 18 22 60 9 21 119 77 
17 116 47 42 6 93 26 54 3 71 20 88 41 91 98 96 43 45 101 78 104 103 80 11 85 30 15 62 81 38 56 59 25 86 118 58 73 35 28 34 87 65 63 57 27 64 51 119 1 46 74 8 18 40 33 69 60 94 29 79 
116 10 6 50 112 47 108 96 54 3 91 42 72 93 109 26 19 62 15 101 81 83 104 49 103 52 89 80 68 78 56 4 73 84 95 76 63 102 48 107 55 82 106 90 67 9 94 119 46 22 77 1 69 33 79 53 7 110 51 40 
42 98 36 23 109 16 71 112 93 88 6 91 72 70 0 41 2 103 39 11 56 19 31 49 104 14 38 105 15 101 62 45 28 99 35 82 84 95 32 97 73 55 65 67 33 60 77 92 9 69 1 94 57 53 74 8 64 46 51 110 
0 91 116 109 71 108 6 26 88 93 70 23 42 54 47 36 105 19 68 100 101 11 2 14 45 89 80 78 81 43 62 85 102 48 58 61 118 65 75 73 106 32 111 8 29 69 18 7 40 5 53 67 90 1 51 57 44 27 9 110 
113 6 42 16 88 47 108 36 10 93 116 50 54 13 112 115 81 56 62 49 2 45 100 30 52 15 43 114 4 14 103 83 55 107 84 99 118 82 61 48 95 102 32 66 18 51 64 33 27 21 29 5 40 9 8 94 74 44 67 22 
91 26 98 3 16 6 42 108 88 72 109 13 70 23 50 17 89 11 62 15 56 30 2 83 39 45 38 100 14 49 85 43 61 87 35 111 95 73 118 84 24 76 102 69 8 33 92 44 27 74 1 51 64 79 18 57 119 110 94 53 
109 36 47 72 115 70 41 6 20 88 91 50 54 26 17 98 19 4 30 83 101 15 11 103 68 39 2 114 100 49 105 14 117 111 48 61 106 34 102 76 97 58 75 94 29 51 40 64 69 119 7 21 53 22 66 57 79 77 8 60 
0 112 91 16 50 26 115 13 17 42 10 3 72 47 70 20 11 45 19 14 83 101 43 31 114 100 39 56 49 38 103 68 55 35 99 84 24 65 32 12 61 63 76 60 69 7 94 18 53 46 110 74 51 22 33 77 90 29 27 1 
6 42 10 3 112 36 70 91 116 13 23 72 20 108 96 88 114 39 11 49 56 83 31 89 30 2 100 104 38 52 59 43 84 35 86 97 37 102 87 32 25 73 118 18 69 40 110 22 94 67 79 8 5 119 53 77 44 57 92 51 
3 16 0 26 6 71 23 42 47 108 96 20 70 109 88 36 80 100 15 62 68 43 2 59 14 104 4 30 38 78 85 49 95 106 34 24 99 58 76 117 55 86 32 51 9 8 69 64 46 44 33 1 22 77 7 110 67 90 79 18 
112 54 70 20 6 17 115 3 109 93 47 26 41 13 36 113 59 68 2 11 81 62 19 103 104 83 49 4 15 56 101 80 87 55 97 102 25 32 106 48 34 35 76 110 69 5 9 119 44 46 29 27 90 67 92 77 79 7 21 94 
98 91 96 36 71 54 116 112 93 3 72 13 47 113 88 41 101 43 81 49 89 39 78 100 59 85 56 114 30 105 11 38 84 118 25 63 37 28 35 55 34 95 107 74 29 110 9 64 18 5 119 21 51 1 60 27 7 44 77 22 
112 70 36 47 50 6 115 42 26 71 88 93 108 0 41 72 39 43 19 49 114 52 68 2 15 38 30 56 4 101 78 80 86 37 12 48 34 73 24 76 99 61 63 119 53 1 44 79 22 46 33 27 67 110 7 60 21 57 9 92 
54 42 47 109 98 72 6 112 88 71 70 96 10 13 26 20 101 105 52 2 89 11 78 81 62 85 15 31 80 103 45 68 12 55 24 48 87 99 34 37 107 32 61 27 94 74 9 66 51 64 92 69 18 119 22 44 79 40 67 29 
70 93 16 72 112 42 113 0 109 54 98 71 17 20 3 26 52 38 31 80 89 81 85 103 4 78 49 114 43 30 11 59 76 118 97 82 25 102 63 87 111 95 117 8 90 60 1 46 119 64 94 66 5 92 69 53 7 67 33 44 
108 96 3 47 13 113 115 91 23 6 93 88 16 42 17 112 62 19 85 14 2 80 45 52 89 78 81 30 83 59 105 4 73 61 106 87 117 76 95 86 84 102 55 7 77 119 51 29 67 22 64 79 74 44 27 110 33 21 94 40 
88 71 72 36 0 108 41 47 20 26 13 17 42 112 116 16 105 89 4 39 56 85 14 81 15 104 80 62 103 30 45 49 34 107 28 63 102 37 117 84 87 12 32 74 40 7 67 9 69 53 29 21 44 60 57 46 77 8 94 110 
50 17 10 93 36 16 26 91 54 71 20 96 108 23 88 70 2 83 80 19 59 101 30 68 45 52 114 49 85 14 81 56 111 99 86 95 106 84 102 61 12 97 24 77 33 60 5 90 18 21 51 119 79 74 53 110 69 64 94 44 
47 112 23 88 115 116 93 20 6 72 36 109 91 26 50 17 103 89 101 85 56 2 39 100 114 49 11 15 105 4 104 31 55 32 73 95 63 34 97 82 28 65 111 9 94 69 18 8 5 21 74 53 64 7 66 29 33 119 51 57 
109 88 13 116 72 20 96 23 113 54 50 41 6 108 115 71 81 15 56 59 103 62 78 49 30 52 85 38 105 45 100 80 58 102 48 95 118 73 76 117 28 86 99 44 119 77 79 5 29 110 53 1 60 33 7 69 90 27 8 21 
3 115 17 50 36 13 98 93 112 41 88 108 72 20 23 116 2 59 104 62 85 80 49 31 105 114 81 89 4 56 15 19 55 102 35 95 34 48 111 73 61 28 87 110 67 8 46 119 66 27 92 33 22 51 69 57 29 9 44 77 
96 93 16 6 0 109 23 42 112 10 13 98 26 70 113 72 4 78 83 45 19 105 15 103 114 101 2 43 85 52 49 31 35 111 12 87 63 102 117 118 76 99 61 21 92 67 44 7 90 119 51 57 40 77 33 29 66 64 110 94 
