-1 -1 -1 -1 -1 -1 -1 -1 -1 -1 -1 -1 -1 -1 -1 -1 -1 -1 -1 -1 -1 -1 -1 -1 -1 -1 -1 -1 -1 -1 
195 928 379 29 263 529 630 279 234 868 534 547 577 306 401 158 242 274 826 170 827 4 475 358 406 570 444 3 512 453 
472 925 765 91 548 299 585 845 450 628 17 43 238 60 471 366 182 371 491 72 178 815 80 532 818 774 362 823 145 386 
436 292 171 847 689 312 288 599 388 485 474 295 621 513 334 212 319 289 423 17 84 856 896 843 817 456 790 406 891 763 
825 268 53 112 282 248 351 832 713 807 840 196 747 378 219 666 178 767 104 881 595 524 67 120 349 220 57 198 126 305 
755 511 561 606 627 462 605 309 906 711 165 403 877 908 834 488 398 641 608 284 474 730 907 781 520 364 808 476 732 665 
654 920 280 337 369 132 156 308 578 733 166 632 16 70 902 401 43 430 187 90 26 881 853 453 198 527 208 457 226 102 
119 800 662 868 569 147 898 464 727 324 274 105 401 651 216 131 915 671 513 812 313 784 746 891 841 716 310 127 406 790 
356 489 559 734 369 748 928 667 901 647 378 621 61 888 718 44 329 21 695 770 38 371 617 858 226 311 568 411 290 159 
434 737 628 606 413 830 925 436 539 638 50 580 770 902 11 367 854 122 458 730 710 98 159 325 444 237 453 544 780 687 
485 504 605 673 539 749 236 607 831 431 378 483 10 26 840 44 707 334 20 5 367 319 257 318 220 386 258 393 693 843 
679 103 654 845 603 699 578 904 508 638 289 154 175 193 70 524 105 695 449 611 43 134 674 15 28 314 459 487 457 918 
484 723 928 638 429 229 384 66 752 592 284 760 131 692 44 463 867 105 247 745 206 154 520 136 822 56 763 717 404 391 
588 787 255 910 871 53 205 18 337 256 524 148 90 219 854 839 725 61 770 840 367 815 291 581 457 406 391 419 354 790 
734 517 32 288 773 171 633 791 413 384 530 408 747 680 298 50 31 20 98 64 710 648 859 237 486 821 184 335 315 69 
1 864 62 95 53 434 578 429 202 890 345 330 762 838 21 519 170 547 378 470 707 792 502 88 532 159 609 697 693 636 
640 236 22 351 341 323 677 803 380 791 242 317 469 621 519 499 916 852 212 894 20 284 716 296 215 394 305 220 188 705 
689 489 91 505 248 161 814 539 791 588 295 330 857 238 52 134 329 883 8 887 739 747 629 140 174 446 67 821 213 69 
333 504 99 765 413 442 698 830 615 351 84 750 608 334 319 148 326 694 265 372 626 784 127 115 574 404 191 909 144 407 
904 920 293 492 337 413 461 615 814 744 466 815 21 564 383 148 170 644 854 227 680 210 909 869 404 786 895 311 486 133 
929 667 634 217 879 179 81 529 441 85 624 219 76 908 680 887 72 856 741 430 210 326 410 417 428 802 150 56 674 404 
78 277 248 583 685 799 640 169 266 229 491 31 260 230 701 90 329 525 175 5 731 44 719 296 594 613 743 660 287 549 
199 585 293 868 833 529 825 618 360 690 483 70 328 792 547 838 873 242 122 317 834 418 411 617 512 558 899 598 311 572 
282 482 78 381 0 711 169 167 75 9 165 345 352 449 873 122 842 750 468 322 463 52 39 290 149 509 188 143 810 911 
389 592 292 359 599 377 578 29 928 541 295 812 531 852 60 401 912 398 158 254 496 842 696 394 514 503 259 927 766 237 
62 292 638 211 890 679 66 179 727 733 912 187 769 829 524 601 756 856 330 760 611 317 286 649 567 174 343 82 39 118 
132 280 607 539 1 443 571 431 203 736 227 894 423 522 547 658 542 495 148 414 912 345 646 806 913 425 818 67 59 693 
41 845 789 685 424 161 236 799 585 388 272 770 230 577 313 669 316 221 535 611 702 731 108 509 502 67 102 394 259 37 
606 103 41 360 409 351 93 12 171 801 125 300 491 330 538 888 632 316 686 597 579 852 574 116 697 173 159 732 870 487 
603 833 681 427 548 723 309 779 93 571 601 522 651 31 16 175 902 844 435 540 44 718 746 160 39 593 176 656 150 696 
