-1 -1 -1 -1 -1 -1 -1 -1 -1 -1 -1 -1 -1 -1 -1 -1 -1 -1 -1 -1 
104 40 85 68 73 113 53 7 33 75 290 143 269 264 17 313 241 345 304 154 
5 37 92 67 77 4 9 49 25 102 182 257 238 362 202 328 322 360 283 157 
52 49 88 91 74 83 112 34 40 70 302 203 244 199 142 285 318 303 148 168 
97 5 66 45 52 32 1 68 0 102 272 263 214 293 212 215 133 286 322 159 
20 112 75 27 68 101 65 91 95 88 352 278 319 270 311 308 162 180 236 168 
79 24 6 62 93 98 80 1 58 23 154 212 352 180 263 209 192 307 320 335 
75 104 46 92 83 53 84 20 50 69 13 131 15 355 143 132 201 156 210 148 
59 41 99 67 86 21 63 25 31 34 136 139 15 263 193 335 19 123 145 167 
3 112 61 21 25 44 63 99 93 101 301 246 194 337 219 325 195 136 141 192 
73 47 50 22 78 42 40 0 44 98 237 308 286 209 157 238 124 143 275 18 
83 57 88 41 107 103 92 33 71 104 251 194 260 310 114 140 115 12 152 324 
25 85 51 67 60 43 41 111 8 23 238 269 172 347 330 245 283 262 358 277 
82 59 102 91 42 58 37 24 67 71 336 148 343 134 315 236 348 128 337 271 
27 106 111 22 113 4 42 109 101 48 186 205 151 319 334 17 284 270 184 262 
90 63 45 21 24 66 23 93 92 69 229 131 191 316 313 200 247 193 318 134 
103 8 22 76 100 61 84 74 88 1 201 301 347 172 292 13 285 196 222 177 
38 1 65 71 103 39 49 31 91 75 341 144 318 129 116 264 174 272 287 324 
33 28 61 54 83 91 96 75 88 78 337 285 263 240 255 361 298 155 174 328 
98 74 77 104 50 63 102 31 78 68 251 353 294 125 165 240 359 18 130 262 
25 104 72 27 74 55 3 57 0 54 238 123 314 161 206 195 258 17 217 239 
5 27 6 91 28 2 7 63 9 49 143 329 307 242 169 321 229 145 356 341 
66 36 49 72 87 113 43 38 109 58 164 208 315 126 262 348 198 323 137 157 
25 84 75 83 9 66 30 41 31 52 167 279 169 284 310 351 295 276 156 307 
90 2 96 36 49 87 46 71 85 41 146 266 233 239 14 118 181 167 225 269 
68 6 102 92 1 55 24 99 42 78 356 260 208 219 187 144 11 314 274 148 
43 52 101 29 74 106 36 37 32 33 132 216 12 314 277 199 292 167 171 11 
53 59 7 27 5 24 34 31 26 71 260 205 219 309 295 172 17 358 165 196 
110 4 98 94 108 33 51 71 23 68 339 155 250 15 127 153 241 264 133 324 
88 43 67 5 87 64 30 25 3 71 123 288 127 215 318 210 185 170 250 356 
