-1 -1 -1 -1 -1 -1 -1 -1 -1 -1 -1 -1 -1 -1 -1 -1 -1 -1 -1 -1 -1 -1 -1 -1 -1 -1 -1 -1 -1 -1 -1 -1 -1 -1 -1 -1 -1 -1 -1 -1 
1284 649 680 176 1165 256 863 1340 333 25 653 912 771 1208 446 1150 621 1103 550 1325 526 1405 91 69 528 1307 1386 702 1246 779 901 866 1126 805 423 619 1183 1028 1262 604 
261 1075 1083 1036 415 402 1382 1243 321 946 347 356 1216 330 112 1301 1079 188 742 103 1279 1256 670 501 523 965 1106 695 993 1388 7 65 1391 392 1046 58 384 181 515 960 
696 426 86 1310 1191 830 259 1249 663 37 745 782 138 210 158 312 856 376 444 500 641 927 442 214 11 1315 1397 629 1407 620 1227 30 899 1273 352 1292 1063 1181 1024 383 
559 756 1283 1144 1166 858 1011 872 1243 405 942 368 873 6 1057 186 1180 366 1117 1200 1408 394 695 1030 629 341 1162 731 3 1170 960 21 76 774 1355 374 165 1314 903 7 
329 1038 488 997 95 22 667 532 356 225 151 158 815 1333 1050 24 894 320 1081 812 558 1087 1246 1173 767 751 372 31 591 1376 682 17 582 403 1286 57 7 630 181 1332 
1177 413 193 590 971 390 321 198 345 368 538 1113 459 663 596 1059 177 1229 629 730 844 1300 1222 1319 565 1256 550 190 685 578 534 170 94 1331 1230 1041 1271 1034 784 979 
324 868 509 615 589 1064 1365 367 632 738 863 1208 1054 734 882 1229 1123 326 834 916 565 1068 943 1265 702 708 1313 499 1336 474 1332 1157 56 1022 487 852 1369 1031 424 725 
1085 613 136 336 921 946 935 618 532 1354 349 794 989 877 924 745 1078 284 1253 359 40 1077 1405 1188 90 695 605 473 752 1407 50 847 418 352 639 648 1034 1369 80 1262 
221 329 925 1130 1167 831 209 162 1189 279 1133 912 1000 618 481 720 802 882 1378 1006 239 732 651 1200 1309 526 974 1398 5 29 493 2 1352 1022 392 132 518 572 1148 1183 
915 1177 163 977 1159 1059 325 745 480 1362 1053 209 770 946 956 129 481 1055 539 286 444 262 400 1010 1307 1072 885 450 876 1118 246 130 207 701 127 460 754 597 634 132 
1364 841 984 469 369 904 1000 480 1293 184 610 1252 1050 586 198 871 158 22 114 1176 898 990 442 1200 629 286 296 437 206 986 992 1326 1418 972 56 933 855 277 1051 941 
709 549 1358 686 483 1189 522 353 693 1402 858 308 837 252 187 169 1069 1187 588 293 47 179 1246 1400 1361 1184 443 943 1131 300 1271 140 1296 7 944 93 1074 934 1262 404 
328 887 930 1276 973 1095 1349 1122 1133 745 489 794 1121 1389 814 519 547 1139 223 90 228 222 916 484 1265 1325 867 40 31 269 430 458 855 657 583 1196 391 58 1385 493 
49 1003 1368 1167 482 864 802 268 964 1287 311 1301 1350 677 1383 827 349 187 726 674 1300 605 569 141 731 293 1194 431 699 355 1024 343 1266 775 717 389 458 1269 718 1360 
665 465 447 202 200 924 506 516 782 873 772 988 113 28 1365 356 1027 906 1245 927 1062 1256 90 361 1231 1361 474 341 1285 355 1044 775 937 1244 1204 455 334 264 285 124 
615 1154 1198 1310 274 405 710 1168 770 829 147 59 967 406 191 740 1330 330 1160 394 116 240 1336 605 361 292 703 642 798 637 804 80 694 159 1401 879 1399 130 144 560 
1019 778 930 788 261 878 1091 783 707 112 475 929 345 192 275 115 532 510 1345 1021 1221 1288 154 907 1072 362 444 526 1006 40 419 348 183 299 226 277 515 1266 1244 1269 
529 1237 420 643 415 325 402 368 1112 942 747 330 693 871 184 279 896 621 526 214 758 975 1160 798 179 206 377 499 47 233 212 1196 1158 1044 616 775 688 370 1377 1051 
546 1263 271 819 178 924 376 225 771 645 952 459 802 259 147 1411 320 906 1335 1018 10 1030 523 602 206 750 434 47 885 142 789 1096 1355 534 1230 676 944 1148 762 1326 
1305 584 155 274 1045 1301 378 1097 34 243 511 481 720 365 1139 68 716 70 10 651 834 842 1077 758 1170 1231 1390 562 1060 1173 780 351 1343 886 161 264 1212 619 1346 104 
1165 1037 1328 981 1413 23 1267 829 1013 259 988 1149 1389 143 333 1091 948 978 228 1131 1117 1184 1315 637 786 542 474 726 1128 1188 316 26 639 409 237 1271 1329 996 1266 1220 
1201 105 791 1003 1207 747 875 312 1402 1129 1079 1195 871 831 609 59 872 276 1162 1366 955 695 885 1042 562 1077 501 553 703 293 264 828 1071 175 1015 429 1051 1227 627 661 
761 55 692 1353 1001 1226 923 854 1005 1139 776 23 1293 297 946 294 858 1243 760 750 1359 281 230 332 490 322 286 1068 751 1307 803 1369 1142 127 1090 56 140 216 58 1109 
584 1274 797 1161 271 638 209 714 618 621 210 683 147 284 1064 914 456 333 543 970 1200 99 13 885 1319 636 702 955 341 1215 334 7 1395 787 996 350 735 494 592 123 
346 1306 1214 1281 1130 475 1365 188 802 662 609 863 945 904 290 186 275 378 743 983 190 654 911 1128 1345 412 907 1234 322 513 351 1385 1332 599 1286 701 607 746 604 650 
357 908 529 1328 95 1013 942 671 354 382 244 1000 368 830 489 1053 1383 609 699 387 712 842 1234 1020 1334 588 287 1098 670 116 7 445 50 1127 424 866 157 672 309 1329 
1144 178 1052 614 385 78 208 714 481 1304 655 931 792 295 321 1264 446 1055 916 591 731 641 362 464 223 91 1062 636 763 319 861 389 94 343 80 207 676 1178 1196 1227 
1019 982 1274 1238 1085 1324 621 739 333 376 129 519 905 143 864 366 39 1354 990 69 1386 1058 565 1337 408 523 1261 913 781 29 795 515 26 255 80 1331 840 8 120 421 
1328 271 793 700 427 378 655 1151 1053 321 345 75 402 854 667 1206 125 945 454 442 1173 752 986 711 116 355 955 179 767 1193 1403 2 458 1157 825 1227 1114 627 624 17 
