-1 -1 -1 -1 -1 -1 -1 -1 -1 -1 -1 -1 -1 -1 -1 -1 -1 -1 -1 -1 -1 -1 -1 -1 -1 -1 -1 -1 
0 40 3 1 11 5 36 34 13 39 31 35 6 29 27 21 45 15 55 53 22 14 17 52 26 23 18 46 
36 7 40 5 9 4 12 13 0 10 1 32 30 29 17 23 24 43 22 20 54 45 48 55 15 46 25 27 
29 41 30 13 28 8 38 5 39 11 36 9 4 31 45 55 43 51 18 20 23 48 49 16 53 24 54 17 
3 41 6 33 4 1 11 39 5 8 38 34 29 10 26 48 49 51 18 27 15 43 16 25 24 20 44 14 
30 28 29 39 38 9 12 2 31 42 13 7 33 0 19 25 27 47 55 17 45 20 18 22 51 54 14 15 
38 2 7 9 12 39 42 34 29 41 5 0 35 32 23 27 55 51 16 44 25 17 52 18 20 54 21 22 
33 38 30 2 3 1 13 0 35 9 29 37 11 8 20 15 45 53 16 51 18 49 21 47 27 55 22 46 
37 2 11 7 35 32 10 33 3 41 38 40 4 34 53 43 26 25 50 55 24 48 52 14 47 21 19 22 
3 12 0 2 39 37 40 33 32 41 28 29 31 10 25 50 27 14 54 26 52 22 49 44 18 16 45 24 
31 4 6 39 40 12 3 7 34 41 10 1 32 2 55 45 51 21 46 26 27 16 50 23 25 54 49 17 
10 31 34 32 2 9 39 4 42 40 36 30 37 6 25 44 24 54 52 20 51 27 48 14 43 55 45 19 
40 12 13 35 42 37 9 8 4 3 41 34 28 6 49 18 21 27 55 20 46 43 16 19 54 25 44 17 
38 6 3 36 0 7 10 1 33 41 9 5 32 34 22 26 21 44 48 55 24 46 51 47 54 16 14 43 
40 9 6 30 42 38 13 2 32 31 3 10 33 0 53 18 23 50 17 15 47 55 21 46 54 19 49 43 
41 28 31 35 9 5 30 7 6 11 1 36 34 2 47 15 51 48 53 21 45 55 27 18 25 22 49 14 
34 12 32 0 6 31 33 5 7 9 42 36 8 37 47 50 18 44 48 53 15 49 23 52 20 51 26 25 
36 4 0 33 29 37 30 39 5 41 10 13 38 42 47 22 16 46 17 53 23 51 26 54 50 55 14 27 
10 6 1 11 40 33 32 36 41 9 39 42 5 37 26 20 24 55 14 19 18 44 15 47 54 23 22 46 
29 31 3 1 38 10 42 36 39 8 35 9 13 6 27 22 47 19 26 16 53 20 17 54 18 14 55 51 
3 11 31 12 1 40 38 41 42 13 7 4 2 6 53 21 46 18 19 50 43 15 26 55 14 22 27 47 
42 31 12 32 37 36 6 8 29 11 5 13 41 10 55 24 49 52 51 17 50 18 43 44 16 25 27 21 
0 34 3 33 5 28 37 35 32 36 12 42 10 2 27 48 26 55 44 17 22 15 16 20 45 50 18 51 
5 28 38 33 34 11 13 37 0 31 9 10 41 4 15 46 49 24 44 14 20 50 43 55 23 54 19 45 
31 38 12 11 40 5 2 13 35 34 41 36 7 28 44 24 27 47 54 45 51 22 49 18 19 52 14 43 
37 35 39 33 40 29 13 31 3 2 10 7 9 41 43 51 45 19 49 15 47 23 25 26 21 14 52 46 
32 3 30 0 10 39 34 29 1 33 4 35 5 42 43 50 25 52 19 47 18 54 46 26 15 55 24 23 
39 3 28 34 32 9 0 33 42 36 13 29 6 40 48 15 49 50 21 14 16 23 53 24 54 19 26 55 
3 36 32 35 10 11 8 7 29 33 31 13 42 2 18 44 26 49 52 50 53 48 51 22 27 55 54 24 
31 30 42 32 5 34 0 35 13 2 3 9 1 40 52 20 27 50 45 21 19 55 16 23 15 44 24 47 
