-1 -1 -1 -1 -1 -1 -1 -1 -1 -1 -1 -1 -1 -1 -1 -1 
76 93 157 226 130 74 19 209 77 258 214 28 103 205 101 56 
283 10 78 227 242 95 88 231 211 27 11 290 24 281 49 251 
85 155 61 264 274 128 0 86 171 134 115 111 197 247 34 313 
63 84 37 156 79 73 81 4 288 211 48 146 158 120 107 309 
166 295 203 32 150 291 156 108 3 139 117 207 29 34 124 99 
263 157 21 280 155 321 118 319 40 240 165 115 277 124 148 57 
42 121 243 192 162 273 274 94 146 278 188 259 87 57 8 229 
166 45 157 243 210 178 237 214 53 185 80 146 183 62 6 51 
223 299 33 102 317 157 10 77 23 86 307 188 292 200 87 201 
289 302 69 15 242 118 210 188 145 60 259 230 251 138 286 103 
187 181 93 265 172 173 143 77 262 75 23 134 248 87 198 201 
184 93 128 204 70 118 308 48 28 236 94 239 246 91 200 250 
68 70 297 215 52 19 17 285 149 7 53 278 292 286 201 51 
223 36 204 52 0 25 275 224 147 139 4 142 87 205 131 201 
232 304 273 237 32 203 192 1 113 137 245 142 99 206 158 38 
223 173 291 220 70 17 237 28 139 191 115 27 309 315 114 62 
63 260 167 70 45 118 268 257 80 43 4 141 18 279 190 198 
216 282 192 104 317 302 267 240 140 230 209 319 206 18 133 2 
289 215 233 37 192 90 305 7 60 165 257 48 46 197 179 159 
136 95 32 210 154 280 302 316 239 94 82 224 124 160 59 315 
235 299 168 254 233 14 210 60 209 307 77 53 277 158 217 46 
234 70 204 90 203 74 177 236 4 316 231 40 57 238 218 71 
234 204 45 95 36 10 0 244 318 239 83 41 2 13 99 198 
289 243 61 156 317 104 15 86 126 123 224 171 261 92 64 131 
293 260 297 301 0 69 226 60 244 89 165 290 195 241 198 309 
9 317 302 268 69 210 192 142 147 125 221 27 190 44 247 281 
199 181 282 226 144 242 310 230 221 142 288 145 39 303 49 248 
312 181 301 154 15 268 204 288 236 83 115 165 54 251 241 159 
252 55 78 242 177 5 45 208 83 231 1 125 91 315 158 39 
