-1 -1 -1 -1 -1 -1 -1 -1 -1 -1 -1 -1 -1 -1 -1 -1 -1 -1 -1 -1 -1 -1 -1 
689 577 535 648 446 444 404 674 543 358 804 698 513 209 14 432 662 66 622 477 524 665 214 
539 703 739 726 675 768 330 426 122 694 581 881 435 315 346 521 846 403 860 368 448 865 74 
385 438 270 479 446 157 268 150 653 515 184 628 204 497 309 121 285 67 582 583 505 493 546 
38 179 304 879 218 234 81 387 94 845 668 314 101 150 422 45 310 488 295 323 432 477 448 
386 710 644 238 514 699 231 777 157 571 64 693 210 499 679 682 52 123 140 803 510 341 598 
93 381 727 717 330 771 547 160 811 196 615 459 787 41 480 108 812 369 680 266 713 691 107 
552 406 802 748 738 163 122 95 275 333 230 171 543 881 307 631 659 708 724 480 670 331 658 
421 184 802 633 878 778 436 69 732 128 544 167 737 46 722 833 192 116 839 813 725 396 264 
126 221 652 109 829 744 531 12 445 439 786 407 210 259 677 580 198 819 341 524 757 96 100 
817 335 436 527 710 315 44 490 101 391 502 707 312 544 762 697 325 700 24 580 143 616 452 
103 623 174 486 541 46 699 777 644 11 112 514 70 364 807 215 437 429 422 59 763 346 602 
274 497 574 225 312 334 335 703 218 56 47 286 441 854 736 146 607 654 374 740 332 414 678 
831 441 314 577 571 661 781 85 205 623 499 748 694 430 665 745 228 212 197 713 545 546 331 
739 163 367 761 249 456 773 646 147 155 230 188 243 709 657 521 718 523 229 611 585 108 720 
98 7 333 69 853 737 581 101 227 263 389 160 441 729 589 603 130 805 714 656 705 343 194 
599 486 86 454 706 155 837 210 168 353 499 260 788 188 451 828 517 480 714 295 592 762 682 
333 737 571 445 473 515 18 220 48 841 634 840 596 460 790 480 149 63 448 846 115 45 665 
205 420 301 141 566 27 275 184 610 418 837 131 515 712 626 678 239 725 152 331 670 509 203 
90 462 334 443 167 367 210 379 623 669 683 727 30 103 414 57 137 562 510 647 417 567 313 
344 479 312 275 490 441 48 581 466 766 470 683 232 730 834 451 649 815 702 132 740 680 488 
681 883 234 360 462 349 661 864 109 629 16 575 407 196 782 570 670 26 280 558 501 484 397 
726 76 407 539 854 883 353 575 337 358 569 218 794 596 62 517 431 169 521 390 733 258 285 
601 225 304 615 238 232 809 527 581 69 579 557 379 706 293 256 212 106 799 721 245 422 36 
641 270 333 148 208 0 710 157 1 72 864 683 119 711 665 852 408 555 867 146 453 342 350 
766 173 447 305 10 832 880 744 737 242 675 157 439 423 338 380 467 97 582 308 523 255 166 
125 95 242 446 826 10 675 205 709 473 784 447 801 32 425 80 821 477 582 688 288 255 189 
426 183 324 389 881 72 297 628 42 315 748 188 69 150 343 847 320 587 214 377 742 190 36 
653 237 242 544 551 387 871 781 173 16 469 4 334 27 720 501 666 549 104 592 396 572 680 
681 125 727 495 479 667 360 768 110 729 1 345 93 72 21 573 815 830 84 336 824 705 608 
