-1 -1 -1 -1 -1 -1 -1 -1 -1 -1 -1 -1 -1 -1 -1 -1 -1 -1 -1 -1 -1 -1 -1 -1 
44 97 105 9 108 21 98 28 40 22 46 1 100 83 26 0 63 70 18 72 43 53 67 20 
60 34 44 25 68 21 3 99 11 32 36 42 26 100 101 46 95 18 58 78 49 79 85 27 
68 73 25 97 8 44 9 2 46 87 42 75 13 17 32 89 104 52 77 106 53 107 90 10 
28 12 60 23 19 68 97 105 39 55 64 103 13 40 91 42 88 95 16 107 29 27 10 80 
8 3 105 34 19 60 2 25 110 37 100 51 87 11 46 17 104 94 31 107 106 7 6 93 
60 105 108 47 34 19 98 23 32 40 87 75 4 45 91 11 50 81 35 80 106 43 90 111 
98 47 44 60 99 9 3 21 17 1 110 83 4 75 13 100 38 54 65 29 106 74 109 5 
108 28 99 60 12 2 98 25 83 42 39 37 69 87 91 55 94 24 31 59 72 78 10 27 
92 44 2 47 73 98 9 99 37 69 40 0 84 89 76 26 104 33 24 5 29 27 93 109 
25 2 68 44 105 97 47 108 87 46 75 22 48 39 40 89 102 81 82 62 107 7 78 6 
12 34 97 9 3 99 98 47 37 45 110 84 76 17 75 40 50 95 88 57 27 67 20 49 
105 98 60 23 97 2 21 9 100 13 22 40 87 101 48 42 95 54 70 93 86 43 111 109 
2 21 92 23 28 99 34 9 26 39 22 100 55 87 36 96 16 66 33 49 59 107 20 93 
68 21 47 105 99 9 2 12 83 13 101 69 11 1 51 87 54 66 33 86 59 111 10 74 
68 12 92 47 21 99 60 9 51 96 75 103 83 22 46 87 63 33 104 107 79 6 7 57 
97 8 23 60 99 28 9 25 51 69 13 45 55 103 1 96 71 38 56 111 10 20 6 72 
92 12 8 28 108 3 44 19 51 26 4 96 110 83 32 75 31 66 56 80 111 59 29 10 
73 9 8 92 3 44 12 68 100 17 103 87 0 15 13 45 77 52 104 72 109 106 49 62 
28 68 23 2 8 97 60 105 40 89 51 15 39 4 83 17 30 58 66 67 78 80 111 29 
108 98 47 34 9 25 21 12 83 22 103 13 101 96 42 1 81 31 77 72 111 5 107 57 
47 34 99 92 25 108 23 60 87 96 64 76 75 11 101 13 24 14 33 10 111 59 67 49 
2 60 23 68 98 19 108 25 40 110 39 87 100 103 26 1 14 63 30 5 59 43 93 86 
25 3 68 108 2 44 98 12 1 48 64 91 45 0 17 69 35 14 16 106 53 20 57 27 
3 68 44 9 21 19 28 98 96 103 40 51 84 46 75 26 18 104 33 10 74 67 27 109 
105 92 2 9 34 60 68 8 42 100 46 15 64 1 51 91 94 54 82 59 79 78 5 109 
34 28 108 21 2 23 19 9 103 69 37 76 91 51 13 84 38 18 41 106 20 85 107 72 
21 98 105 12 23 47 8 9 91 1 64 69 101 0 110 32 61 94 56 85 43 59 20 109 
2 25 97 44 73 19 99 34 91 45 100 64 76 69 89 55 66 52 58 72 90 79 20 59 
60 21 8 98 108 73 47 2 76 17 40 69 46 22 96 103 50 104 35 67 27 20 85 7 
