-1 -1 -1 -1 -1 -1 -1 -1 -1 -1 -1 -1 -1 -1 -1 -1 -1 -1 -1 -1 -1 -1 -1 -1 -1 -1 -1 -1 
811 538 423 491 1138 152 235 1241 1394 253 704 365 178 928 2741 2269 2857 1791 2030 2157 2582 2762 2606 2687 2573 2346 2152 1665 
471 1369 421 254 738 451 583 1332 1268 1043 733 630 1093 1256 2434 2821 2516 1729 2283 2536 25 2873 2246 2711 1462 2291 2603 1638 
472 497 1304 284 1023 113 1056 362 842 1338 1440 139 1439 1163 2625 1969 2778 2439 1965 2780 2748 2382 2242 2281 1729 2423 1905 2564 
1091 1055 1005 1251 61 325 1336 476 636 747 666 643 670 960 2545 2432 2105 2076 1698 1833 1735 2471 1825 2486 2533 2446 2772 2176 
347 1199 667 941 596 178 675 1067 812 462 250 670 704 638 1944 2026 2830 1719 2194 2293 2823 2748 1741 2529 1978 2346 1569 1708 
913 232 202 825 67 638 671 690 474 795 848 852 700 1197 2214 1851 2637 2139 2708 2023 2631 2619 2473 2365 2870 2525 1480 2472 
829 1268 824 1299 802 638 1342 1332 1305 1303 195 821 157 749 17 2547 2148 2129 2821 1775 1642 1798 2272 2348 1791 2658 1723 1895 
90 386 1143 557 638 1142 404 847 1360 1295 177 629 1449 1366 2700 1525 1726 2281 2806 2561 2307 1657 1792 1835 2353 2319 1639 1929 
979 800 677 1190 529 204 537 282 1133 170 935 1346 1426 1434 2134 1705 1820 2641 2053 2692 2311 1935 2386 1892 1578 1791 2515 2551 
685 506 122 1415 182 1012 631 76 476 619 1314 1209 1233 522 1647 1454 2715 1632 2353 1767 2585 2092 2158 2752 2420 2061 1545 1842 
296 316 525 172 358 248 34 717 813 1340 981 1324 551 61 1627 1623 2681 2867 1707 2005 2549 2765 1536 2092 1982 2762 2424 2297 
127 615 954 208 783 990 210 265 422 360 762 825 949 846 2480 1497 2380 2541 2658 1555 2666 2476 2665 1691 2054 2008 1965 2744 
739 1155 1302 37 327 39 1264 1412 1231 851 374 335 642 307 1669 1493 2132 2489 2377 1457 2806 2605 1627 2493 2155 2473 2405 2538 
127 56 1085 450 913 1310 1208 165 1236 847 174 276 704 683 1550 2584 2664 2092 1665 2128 1841 2363 2083 2122 2816 2201 1692 1526 
1353 596 673 102 527 278 147 1441 239 572 1359 951 1283 64 2378 1514 2282 1848 2386 1696 2705 2126 1676 2284 1779 2539 2053 2084 
1227 860 1148 659 358 250 435 883 552 333 490 131 1406 75 2632 1861 2731 2284 2068 2864 2404 2392 2125 2556 2591 1936 2686 2276 
371 382 1223 422 1239 792 1284 1199 1043 628 1141 268 1324 956 2082 2728 2856 2445 2746 2345 2070 2647 1643 2631 1546 2342 2009 1827 
1186 1402 407 267 562 893 1131 638 435 911 446 135 900 1419 2240 2031 2765 2488 2845 2703 1944 2772 2859 2360 2727 2565 1825 2870 
350 593 1337 353 191 1069 175 1052 324 703 285 52 831 627 1716 1576 2667 1619 2099 1559 1926 2830 2745 1579 1577 1462 1830 2386 
675 766 1334 579 577 300 1344 1186 600 1063 1165 42 669 178 1817 1871 2739 1927 1966 2402 2404 2596 2262 2141 2802 2365 1837 2187 
1340 502 1452 1000 668 606 1113 481 384 1244 871 505 986 1137 2540 1533 1553 1771 1520 2306 2690 1909 2012 2532 2111 1644 2346 1895 
468 35 31 30 1373 333 981 156 711 1064 920 804 828 475 2585 2607 2710 2461 2809 2014 2638 1651 1542 2468 1478 2310 2497 2793 
1177 1057 469 1144 933 300 1067 569 200 1087 204 681 639 165 2466 1956 2167 2415 1998 2053 2607 1492 2085 1620 1528 2551 2171 2650 
1265 377 625 474 1332 1342 792 1128 668 131 1139 823 808 873 2664 1839 2688 1679 2534 2190 1457 2500 2482 1769 2310 2507 21 2171 
1352 1174 114 1132 252 435 1242 778 419 737 297 894 103 644 2601 2086 2241 1513 2079 2105 2852 1654 2166 2142 1917 2697 2678 1483 
102 215 1194 413 885 1251 658 466 371 227 1419 1385 981 1134 1822 2637 2004 2528 2636 2402 1837 2299 2455 2116 1834 1873 2600 1842 
1309 1400 518 350 73 647 1452 654 95 533 526 925 331 934 1542 2270 2019 1828 2205 2495 2475 1457 2100 1885 2424 1805 1943 2779 
93 305 1389 192 30 682 145 1256 668 646 1097 187 789 708 2806 2310 2131 2385 1625 2093 2454 19 2568 2604 2480 2538 2391 2415 
1087 727 37 878 1408 1272 1388 822 414 677 689 100 1254 88 2762 2621 2874 1707 2162 2028 2211 2351 2561 2056 2338 2259 2229 2003 
