-1 -1 -1 -1 -1 -1 -1 -1 -1 -1 -1 -1 -1 -1 -1 -1 -1 -1 -1 -1 -1 -1 -1 -1 -1 -1 -1 -1 -1 -1 -1 -1 -1 -1 -1 -1 -1 -1 -1 -1 -1 -1 -1 -1 -1 -1 -1 -1 -1 -1 -1 -1 -1 -1 -1 -1 -1 -1 -1 -1 -1 -1 -1 -1 -1 -1 -1 -1 -1 -1 -1 -1 -1 -1 -1 -1 -1 -1 -1 -1 -1 -1 -1 -1 -1 -1 -1 -1 -1 -1 -1 -1 -1 -1 -1 -1 -1 -1 -1 -1 -1 -1 -1 -1 -1 -1 -1 -1 -1 -1 -1 -1 -1 -1 -1 -1 -1 -1 -1 -1 -1 -1 -1 -1 -1 -1 -1 -1 -1 -1 -1 -1 -1 -1 -1 -1 
200 271 249 256 145 185 274 277 140 61 239 202 155 169 258 189 196 36 146 282 141 269 209 192 223 236 63 182 32 228 41 142 159 220 30 24 212 19 190 10 177 25 166 62 139 272 64 18 279 173 47 165 266 203 187 5 164 40 43 250 186 235 170 217 248 326 88 107 405 84 304 292 402 321 398 96 408 382 411 297 311 427 309 331 381 287 121 363 288 76 447 373 397 359 432 132 101 117 98 365 306 334 348 315 343 81 391 418 404 422 104 296 320 92 433 111 99 394 316 417 349 362 396 114 72 360 310 299 386 423 412 312 358 438 429 399 
200 256 208 179 245 34 184 141 64 13 53 234 42 164 139 159 166 198 229 39 284 11 52 157 145 14 47 195 144 267 254 261 219 279 26 246 59 249 223 161 24 33 189 216 45 212 243 168 205 146 163 172 268 2 151 190 8 5 9 160 30 20 248 244 264 99 432 402 449 342 420 306 82 366 74 364 387 380 355 112 309 441 423 416 305 377 371 129 438 445 304 450 408 130 114 291 409 403 329 135 311 372 365 333 358 86 120 395 363 394 421 67 94 391 66 367 388 128 354 96 122 85 340 437 83 346 401 78 101 90 70 332 383 339 119 415 
138 245 200 201 151 31 189 194 62 49 216 240 250 258 152 272 24 172 176 220 5 15 41 262 1 10 168 206 136 28 145 264 45 8 20 184 279 278 223 277 139 61 230 64 23 36 210 199 12 273 178 13 32 50 22 221 169 3 57 14 282 285 39 2 4 289 438 352 413 311 123 441 106 132 110 128 358 424 428 74 294 130 407 333 347 367 400 361 126 85 338 366 411 376 292 131 293 84 401 447 348 307 386 291 315 393 343 296 378 433 314 337 385 302 402 426 415 423 420 350 444 449 414 99 437 91 396 327 351 374 78 394 87 96 357 427 
225 61 210 159 154 177 244 251 204 273 27 172 151 53 235 215 50 156 48 249 285 171 49 199 55 141 5 278 20 138 23 195 164 40 268 229 236 28 276 239 262 222 32 13 272 221 216 31 144 14 259 240 283 24 280 190 39 201 147 181 243 211 175 143 198 380 412 386 426 102 421 431 299 116 122 72 361 73 325 123 392 417 97 124 287 132 79 387 93 88 443 381 384 385 342 106 404 119 347 393 321 68 403 405 367 447 70 309 82 450 74 372 382 354 71 126 65 400 357 420 316 362 340 135 319 292 95 419 323 368 418 289 336 331 425 301 
259 138 12 141 256 178 266 252 151 53 158 205 165 145 17 46 175 179 199 32 250 62 262 38 204 34 281 239 194 59 188 56 229 0 264 255 212 41 42 63 201 61 271 9 26 210 52 265 43 226 27 20 48 19 263 21 16 155 149 144 193 31 40 285 191 413 358 398 367 433 92 384 292 379 306 365 98 335 66 291 411 380 78 409 81 326 437 67 95 389 297 91 361 121 426 347 393 392 388 124 415 330 355 325 340 402 404 420 86 112 299 403 75 350 72 99 311 331 129 428 447 412 434 343 303 108 74 111 125 441 372 314 105 316 318 446 
64 178 280 46 7 267 9 243 137 205 141 245 8 221 249 251 151 155 55 190 250 174 242 282 58 268 206 207 146 183 271 145 223 213 138 26 229 22 214 39 277 37 185 143 2 13 283 168 172 176 179 246 149 230 153 240 210 157 32 20 25 43 41 222 244 308 67 355 79 97 345 389 313 125 392 419 72 87 130 377 399 122 109 404 450 403 372 305 382 91 298 103 344 411 441 115 65 98 304 85 316 82 376 73 425 433 340 133 94 113 307 131 432 333 70 327 89 412 435 408 81 303 321 132 386 99 323 350 69 348 335 391 92 326 288 299 
147 260 213 159 219 231 276 272 8 194 17 141 153 281 142 285 32 43 183 5 160 233 139 243 49 239 209 50 9 185 40 2 173 138 18 252 277 202 226 247 229 7 241 200 179 225 186 258 180 188 267 205 256 29 59 41 144 232 187 182 265 169 61 181 269 313 304 438 65 129 95 425 359 316 85 429 445 305 132 90 443 433 435 350 106 346 340 110 333 444 290 440 338 413 382 414 76 104 352 101 75 128 383 319 79 294 446 344 411 94 134 125 130 330 310 342 368 98 86 111 372 428 67 297 367 289 417 127 109 131 112 364 301 337 391 347 
264 148 207 199 161 194 56 241 45 260 231 15 186 53 262 36 238 140 276 34 155 200 221 213 39 137 208 203 181 192 247 60 58 218 166 10 279 206 210 52 23 266 47 49 198 224 220 59 227 1 219 188 35 63 249 184 57 32 167 31 272 174 187 244 239 105 73 99 397 304 421 311 368 292 123 331 426 439 381 91 88 112 95 100 286 334 375 135 366 300 72 107 296 388 432 396 384 362 352 316 403 385 414 417 338 389 103 82 444 323 124 298 319 126 353 370 336 442 79 438 106 288 357 410 445 436 308 392 117 354 443 387 110 67 382 114 
176 254 170 201 200 154 9 223 181 17 234 185 26 40 248 138 1 167 10 11 146 246 158 243 194 150 198 261 163 157 60 140 48 211 179 13 29 262 49 265 173 184 258 175 255 263 4 3 141 142 182 53 206 274 155 165 160 221 152 205 19 57 62 32 242 115 425 317 128 131 87 105 449 300 125 399 395 372 348 321 326 289 296 419 65 414 313 356 387 403 77 378 417 297 381 66 430 302 118 67 370 303 102 132 291 323 331 293 309 388 314 74 353 126 76 116 112 404 365 100 418 384 397 350 322 357 446 75 304 310 342 366 368 324 439 85 
232 189 167 31 150 46 12 157 28 156 261 283 57 4 22 48 160 250 166 280 273 188 170 17 175 152 282 251 153 19 146 40 272 171 208 169 217 231 240 18 196 182 158 45 51 212 27 279 172 142 139 161 44 13 168 244 207 136 201 200 264 145 252 10 24 399 370 427 301 105 349 100 293 412 408 117 383 441 388 377 292 331 336 74 367 393 310 355 438 406 97 416 384 414 417 107 366 291 321 403 346 287 385 298 122 448 305 386 407 443 449 362 423 363 73 304 348 439 307 296 286 289 444 123 382 311 114 295 312 91 72 78 133 394 430 354 
198 55 224 152 4 267 149 236 255 246 182 37 29 243 17 56 143 219 62 271 248 2 266 210 52 170 159 241 218 13 196 272 0 155 247 194 213 235 46 171 157 137 11 172 208 207 238 57 265 254 51 16 185 138 230 1 54 165 270 147 180 279 164 39 154 133 326 292 104 89 83 388 78 400 96 413 124 380 306 319 134 300 409 70 334 356 99 125 113 126 429 76 360 378 287 314 387 119 363 339 313 448 87 92 396 72 340 359 369 373 294 352 346 312 438 410 122 358 98 71 293 445 288 349 381 135 431 343 367 337 295 393 88 450 108 73 
139 154 38 138 230 225 236 241 26 7 174 12 266 157 263 21 30 58 181 23 11 195 19 52 192 227 4 18 198 257 17 273 22 50 53 148 219 270 226 254 233 183 37 59 182 280 207 15 48 253 224 213 255 238 167 36 185 164 10 216 212 140 248 161 245 443 115 125 396 427 340 448 423 102 122 331 431 403 324 391 293 302 84 66 320 367 117 126 90 436 434 381 445 70 128 409 304 307 316 361 365 71 388 83 88 109 93 417 350 333 98 405 418 349 290 96 402 315 318 400 419 309 362 113 416 441 390 79 301 352 311 86 133 345 110 334 
240 32 44 50 197 142 170 233 180 38 247 6 235 10 42 259 179 241 158 198 31 185 61 168 138 137 245 30 25 63 269 194 20 201 155 27 224 266 56 58 143 40 173 210 161 23 177 218 62 148 36 0 34 14 166 54 64 144 248 206 209 284 220 238 43 403 104 347 427 325 116 355 341 297 112 113 421 348 78 97 328 339 395 380 351 361 411 73 90 410 369 429 294 313 312 94 385 449 357 109 387 393 71 87 287 111 309 68 293 69 433 352 86 448 378 100 295 428 432 301 105 66 386 302 95 360 84 353 321 103 445 440 106 394 334 415 
242 274 168 38 29 248 259 56 230 13 161 201 43 160 42 24 62 219 12 257 185 247 237 39 45 157 177 139 285 26 63 240 27 249 233 188 258 61 25 41 40 204 179 275 4 55 222 236 262 279 199 156 149 30 184 213 241 150 165 209 18 244 234 183 142 70 129 124 372 286 287 116 361 343 102 389 66 444 112 107 440 325 449 100 332 431 91 345 386 371 435 436 409 434 334 314 433 307 81 133 376 109 68 111 367 358 394 306 67 350 288 413 317 135 77 346 337 329 120 360 318 450 118 316 106 425 89 324 414 126 134 341 374 387 411 309 
227 46 178 153 149 283 150 142 268 204 189 264 206 208 201 163 185 3 213 223 249 49 35 277 232 212 188 152 215 211 138 161 39 45 279 275 276 34 26 48 259 154 200 13 140 281 252 173 273 175 209 246 160 63 261 225 196 282 159 205 228 263 250 25 38 116 313 385 87 92 315 428 85 82 367 356 320 441 125 134 68 448 114 371 332 327 349 369 438 347 326 342 363 72 102 394 299 121 432 434 314 362 128 422 110 338 412 104 71 409 410 442 75 390 120 373 295 348 447 383 78 126 94 445 395 358 317 355 298 292 381 337 123 80 108 311 
245 60 231 195 164 166 242 277 150 147 39 259 236 197 285 140 226 142 190 42 176 1 145 46 268 52 13 196 209 279 262 15 20 284 167 51 254 235 275 204 207 37 22 64 156 249 36 272 281 18 61 173 187 188 243 250 251 270 180 282 44 179 38 227 240 72 306 335 313 92 287 423 118 390 445 73 413 405 329 361 436 418 419 383 89 362 84 308 314 293 319 312 333 120 113 368 345 424 371 82 295 69 409 432 86 356 310 133 347 447 291 328 433 127 355 403 337 134 382 400 101 117 373 66 88 331 292 288 300 68 395 350 318 342 70 410 
22 205 138 32 164 4 200 270 19 271 232 206 193 12 259 171 40 207 45 228 234 35 285 237 212 261 177 189 15 269 180 263 224 168 13 141 165 195 250 251 229 8 243 24 18 160 155 148 198 169 3 26 136 277 190 284 27 248 256 50 42 173 188 202 254 445 443 319 421 287 412 388 297 446 135 407 437 129 363 310 321 96 338 86 69 431 398 383 305 403 304 128 77 67 349 380 414 374 79 313 83 413 120 302 358 66 71 350 362 81 375 114 346 399 387 108 101 116 303 359 298 89 301 371 440 366 76 296 423 133 320 408 293 132 131 95 
234 14 166 196 0 243 237 282 197 269 258 182 194 274 285 20 183 57 215 283 235 173 147 226 242 273 195 218 158 245 257 140 49 161 163 188 59 167 156 8 13 15 63 181 39 190 247 233 33 24 155 35 159 143 268 271 152 170 250 252 208 45 278 27 23 416 380 113 313 319 337 370 442 97 420 69 75 364 367 376 336 308 360 105 310 394 347 423 405 426 389 424 441 95 66 338 305 91 85 76 106 83 115 80 435 70 378 413 341 327 339 404 366 92 99 407 111 397 449 287 361 124 436 443 302 82 371 344 100 84 291 379 122 417 134 288 
239 242 243 140 50 254 276 18 261 232 204 260 221 234 159 231 0 147 180 32 224 36 235 28 252 249 161 46 33 183 165 157 241 177 253 275 236 142 214 37 171 150 3 281 173 11 266 138 145 206 38 244 250 155 210 269 270 208 154 268 175 258 16 167 184 117 356 333 390 433 330 446 133 321 292 125 350 436 386 322 338 351 447 315 81 93 134 299 101 111 397 122 66 110 86 380 286 387 430 120 344 323 295 316 434 425 415 79 92 443 109 398 69 310 359 431 339 119 424 385 127 369 448 88 373 370 374 406 296 293 417 354 389 320 304 83 
31 218 193 277 163 255 14 237 191 165 24 258 280 143 180 209 221 208 199 57 238 184 205 196 251 58 262 274 21 40 269 264 268 245 30 38 155 203 187 4 177 54 29 48 194 26 23 179 201 189 136 252 175 156 0 190 42 158 32 56 254 246 213 270 242 349 133 295 405 135 113 369 293 392 372 80 382 78 391 407 87 388 354 435 319 89 389 422 446 343 75 128 409 420 130 449 419 445 333 308 112 123 302 103 109 336 352 429 415 421 332 444 303 384 309 441 353 126 106 294 438 307 387 100 431 99 341 358 390 412 360 399 72 312 318 330 
282 32 178 268 181 209 59 189 204 200 15 156 214 187 271 142 164 44 235 218 158 267 241 237 61 150 47 180 207 205 4 2 275 193 244 0 210 48 272 138 173 43 140 12 219 153 227 249 186 251 7 197 281 266 263 225 208 177 222 159 40 195 184 141 284 438 92 371 306 106 288 75 368 355 302 333 425 352 338 72 436 129 341 418 426 111 334 382 431 343 323 357 70 90 388 76 346 115 315 419 103 365 408 119 417 397 359 358 77 392 132 88 324 69 297 449 326 393 404 79 101 108 89 370 292 308 322 128 424 96 325 385 319 442 298 450 
31 2 150 278 165 35 284 140 5 18 212 51 285 38 166 252 1 170 39 62 60 209 246 241 10 19 201 141 158 50 262 240 162 221 195 194 257 242 239 53 6 155 271 57 274 40 30 137 219 144 263 211 244 27 20 63 229 238 216 281 251 272 233 14 186 291 111 344 104 382 93 133 328 319 419 298 417 100 403 305 96 119 107 94 83 82 378 360 114 386 321 412 396 392 423 327 447 391 129 304 74 288 80 365 435 65 128 404 422 90 311 442 341 432 292 363 91 397 369 308 400 357 347 85 402 367 388 120 409 349 433 323 89 287 134 332 
200 11 204 209 279 18 143 252 207 27 266 198 232 21 264 155 49 54 226 195 211 273 285 228 170 235 19 64 219 261 183 284 158 15 165 220 181 216 240 16 237 55 257 215 277 178 255 205 253 34 144 140 43 22 249 32 23 47 197 0 176 154 262 42 160 330 128 345 125 335 126 97 89 71 73 311 293 406 362 364 287 436 354 352 396 357 343 314 329 119 118 79 87 444 392 78 440 415 83 305 410 300 307 309 84 447 375 134 69 322 378 112 121 90 432 115 411 312 326 363 413 298 127 366 77 313 96 418 430 439 109 301 381 72 289 317 
222 164 20 62 186 150 178 13 184 200 236 278 272 34 209 177 1 276 196 3 148 165 195 160 155 167 170 29 224 58 32 238 54 263 146 140 257 210 10 153 253 251 168 4 40 159 258 172 206 46 5 59 191 183 207 190 169 2 0 204 280 44 212 57 217 325 106 293 299 323 101 365 371 449 128 418 346 389 114 120 320 368 95 386 355 322 115 87 127 133 317 104 409 410 291 296 130 330 367 111 131 314 343 125 306 312 97 394 286 334 112 74 405 408 301 121 100 79 65 331 113 81 340 434 98 427 110 68 117 400 406 445 383 369 309 374 
179 49 165 248 188 195 271 169 246 157 6 7 223 18 46 10 171 253 62 56 25 268 216 162 42 57 249 252 183 143 1 55 229 254 275 264 263 9 276 227 182 16 247 0 211 208 150 158 235 142 151 280 38 147 159 29 54 175 251 221 35 178 39 176 180 70 104 379 364 415 123 387 299 101 78 315 82 320 88 86 122 410 135 349 411 418 375 324 440 126 68 376 435 356 417 116 390 414 308 429 112 406 290 388 298 381 341 328 439 332 113 437 301 80 400 305 333 420 382 391 350 354 98 426 114 306 87 416 130 419 383 309 295 99 441 65 
222 273 283 153 9 172 43 146 145 236 163 140 281 178 16 53 55 255 279 251 209 227 157 193 168 216 185 47 144 272 3 250 239 33 5 141 10 234 151 194 60 275 59 165 169 219 51 21 11 235 41 199 249 271 276 158 203 182 254 243 170 32 210 261 44 425 294 82 309 413 340 328 374 345 377 108 382 112 332 299 359 104 347 385 381 94 333 81 439 396 375 442 69 415 336 438 95 408 448 437 436 364 346 404 387 354 291 372 105 126 292 311 99 378 383 74 421 335 66 132 127 423 303 403 331 288 352 406 447 87 330 134 310 86 429 402 
64 275 170 182 190 207 17 55 57 145 191 16 194 257 218 58 280 186 188 227 39 203 44 284 211 262 144 183 158 237 210 223 189 152 254 151 197 228 246 231 138 36 9 28 225 179 267 42 165 241 23 229 184 141 234 260 212 224 7 195 196 233 60 29 268 69 364 71 292 433 327 313 384 68 79 434 349 290 437 92 439 120 106 362 335 341 440 387 318 126 116 302 413 337 363 347 74 397 373 400 431 105 75 412 401 411 99 414 321 100 392 322 296 118 421 443 324 391 382 352 389 109 417 378 82 380 70 441 295 78 430 101 77 314 124 93 
22 17 45 215 208 261 241 29 277 55 15 177 270 4 178 33 1 205 145 16 227 271 265 225 204 24 174 154 172 62 234 273 42 214 243 248 142 170 165 169 139 151 57 49 63 266 201 147 43 285 236 150 235 186 3 27 140 274 23 255 207 136 257 44 237 348 69 305 387 383 418 75 294 373 105 376 351 449 358 313 288 360 307 122 353 441 411 422 86 73 391 394 337 72 359 355 381 299 335 320 344 109 374 78 427 338 390 304 90 65 446 108 302 392 135 292 104 133 412 67 410 84 431 102 111 401 128 357 424 407 430 300 286 83 366 423 
263 20 136 273 199 155 211 164 51 159 242 3 52 261 243 247 191 215 174 240 59 38 35 158 163 143 2 200 167 10 145 172 62 267 270 201 253 245 27 60 222 21 178 165 272 144 1 18 189 202 265 156 137 276 256 266 193 58 146 216 31 44 61 196 183 293 91 310 444 427 99 380 105 426 446 358 116 433 419 386 405 89 135 78 73 79 108 316 301 437 333 399 384 414 360 381 347 343 122 313 303 324 402 82 353 312 305 416 373 422 72 377 315 86 338 412 364 76 400 434 340 351 435 421 429 124 291 431 125 97 359 109 317 87 128 90 
