-1 -1 -1 -1 -1 -1 -1 -1 -1 -1 -1 -1 -1 -1 -1 -1 -1 -1 -1 -1 -1 -1 -1 -1 -1 -1 -1 -1 -1 -1 -1 -1 -1 -1 -1 -1 -1 -1 -1 -1 -1 -1 -1 -1 -1 -1 -1 -1 -1 -1 -1 -1 -1 -1 -1 -1 -1 -1 -1 -1 -1 -1 -1 -1 -1 -1 -1 -1 -1 -1 -1 -1 -1 -1 -1 -1 -1 -1 -1 -1 -1 -1 -1 -1 -1 -1 -1 -1 -1 -1 -1 -1 -1 -1 -1 -1 -1 -1 -1 -1 -1 -1 -1 -1 -1 -1 -1 -1 -1 -1 -1 -1 -1 -1 -1 -1 -1 -1 -1 -1 -1 -1 -1 -1 -1 -1 -1 -1 -1 -1 -1 -1 -1 -1 -1 
166 220 14 8 41 52 47 291 232 160 19 215 172 279 177 154 245 240 226 171 189 295 136 192 184 37 175 276 255 202 68 273 180 250 60 7 30 34 157 35 61 231 144 152 201 183 149 210 257 59 141 63 5 234 25 69 12 2 174 66 67 261 0 275 256 173 212 224 274 271 158 348 94 113 427 90 326 314 424 343 420 102 430 404 433 319 333 449 331 353 403 309 127 385 310 82 435 395 419 381 379 304 107 123 104 387 328 356 370 337 365 87 413 440 426 444 110 318 342 98 398 117 105 416 338 439 371 384 418 120 78 382 332 321 408 
67 197 300 164 187 273 12 208 26 4 274 0 165 221 162 47 156 66 144 270 42 188 196 242 140 230 65 281 171 41 295 60 241 275 185 58 181 9 218 32 7 63 205 11 277 256 21 288 138 143 280 68 191 227 231 211 212 234 179 136 220 16 226 25 177 8 57 174 266 194 232 105 320 424 83 364 442 328 88 388 80 386 409 402 377 118 331 123 445 438 327 399 393 301 85 367 326 71 430 302 120 313 431 425 351 307 333 394 387 355 380 92 126 417 385 416 443 73 100 413 72 389 410 134 376 102 128 91 362 127 89 368 423 84 107 
12 210 219 155 211 42 267 187 201 9 137 29 53 59 205 287 232 154 299 43 230 144 269 185 253 271 161 284 256 181 276 177 17 236 291 285 136 149 192 265 178 151 45 283 270 255 47 36 186 206 67 224 234 241 52 222 162 292 158 147 150 300 51 182 65 26 257 214 199 293 171 311 331 374 435 333 129 81 112 304 116 134 380 446 450 80 316 302 429 355 369 389 422 383 132 91 360 388 433 398 314 303 315 90 423 427 370 329 408 313 337 415 365 318 400 133 336 359 407 324 424 448 437 445 442 372 411 384 436 105 106 97 418 349 373 
286 259 205 197 246 39 224 157 285 299 267 190 292 250 275 223 139 33 169 13 154 191 261 174 249 209 36 141 49 201 280 42 219 243 47 158 257 22 289 161 295 41 240 204 160 5 153 53 10 234 230 44 156 291 281 142 298 241 256 269 65 6 178 147 232 57 216 271 184 211 264 402 434 408 448 108 443 119 321 122 128 78 383 79 347 129 414 439 103 130 309 304 85 409 99 94 89 403 406 407 364 112 426 125 369 415 343 74 425 427 389 332 76 331 88 110 80 394 404 376 77 132 71 422 379 442 338 384 362 307 341 314 101 441 345 
143 295 228 264 290 229 226 67 188 186 11 262 156 175 178 8 254 30 52 300 46 216 142 170 220 222 50 4 208 35 70 265 215 154 271 51 61 18 68 180 45 65 136 279 287 172 251 28 189 250 169 291 258 21 288 16 184 252 41 230 278 171 218 59 164 210 152 294 244 31 236 435 380 420 389 378 98 406 314 401 328 387 104 357 72 313 433 402 84 431 87 348 312 73 101 411 319 97 383 127 448 369 415 414 410 130 437 352 377 347 362 424 426 442 92 118 321 425 81 372 78 105 333 353 301 450 99 434 317 365 325 114 80 117 131 
167 197 162 40 176 15 59 192 49 159 268 0 171 296 16 189 206 2 179 221 20 246 66 186 39 50 276 292 29 139 158 198 34 148 146 243 270 145 263 227 178 262 135 289 60 147 216 54 220 138 8 61 295 275 24 7 53 271 6 258 31 152 156 17 208 269 153 27 43 278 68 330 73 377 85 103 367 411 335 131 414 441 78 93 302 399 421 128 115 426 339 425 394 327 404 97 320 109 366 433 92 121 71 104 326 91 338 88 398 79 447 448 362 305 100 119 329 303 337 355 76 349 95 434 312 430 87 325 343 304 408 105 345 372 75 
17 175 45 222 179 53 198 291 162 64 199 201 195 28 283 192 147 220 275 165 209 57 282 272 6 249 11 237 168 276 137 217 196 56 292 55 36 183 143 157 174 167 47 172 188 16 191 25 190 2 211 267 19 40 234 150 277 259 139 23 289 187 268 189 39 37 60 164 65 243 286 335 326 102 71 301 101 447 381 338 91 99 376 327 304 96 403 113 108 372 112 368 362 116 355 321 312 361 360 435 404 436 82 110 374 107 81 134 405 341 85 316 313 366 433 100 306 131 302 352 332 364 390 104 92 117 394 450 73 319 389 311 439 133 115 
174 160 167 168 267 261 163 44 40 19 180 24 149 223 264 61 152 263 4 185 148 255 7 216 238 166 270 135 142 295 243 191 68 208 35 59 196 147 143 45 231 49 271 253 207 226 234 33 296 38 52 156 221 158 275 154 187 36 262 214 251 284 2 37 58 1 14 257 258 272 18 111 79 105 419 326 443 333 390 314 129 353 448 84 403 97 94 118 101 106 308 356 397 307 388 322 78 113 318 410 71 418 406 384 374 338 425 407 436 439 360 411 109 88 430 345 130 320 341 132 375 392 358 102 85 119 112 310 379 432 383 381 330 414 123 
142 155 141 47 33 255 280 154 300 269 6 299 265 42 259 279 274 61 43 139 64 145 251 290 253 63 291 32 230 13 150 210 263 200 223 144 206 169 50 65 136 5 165 135 172 197 157 34 248 159 166 199 48 234 243 229 260 198 283 14 27 174 39 70 60 220 31 185 241 37 180 121 447 339 134 303 93 111 87 322 131 421 417 394 370 343 348 311 318 441 71 436 335 378 409 425 83 400 439 319 403 72 380 324 124 73 392 325 108 304 313 345 353 315 331 410 336 80 375 132 82 122 118 426 387 106 440 406 419 372 344 379 116 81 326 
141 39 176 62 193 160 178 149 170 41 287 248 61 272 188 153 271 190 52 274 3 53 60 157 67 284 13 194 219 265 17 225 288 251 263 221 186 14 208 203 231 236 163 212 289 35 165 181 298 70 22 275 142 151 264 43 247 23 259 161 201 250 199 204 179 222 12 169 159 47 237 421 392 449 323 111 371 106 315 434 430 123 405 427 410 399 314 353 358 80 389 415 332 377 381 428 103 438 406 436 439 113 388 313 343 425 368 309 407 320 128 444 327 408 429 91 417 384 445 385 79 326 370 351 329 318 308 311 360 129 404 333 120 317 334 
255 226 7 6 32 267 64 202 144 39 292 230 247 239 187 148 30 165 238 22 5 65 138 54 58 156 43 271 287 206 288 251 296 168 56 186 34 269 199 253 52 213 137 246 20 24 270 153 180 268 31 57 159 60 278 264 163 170 189 219 157 2 277 169 68 66 47 46 53 294 17 305 348 314 110 95 89 410 84 422 102 435 130 402 328 341 306 322 431 76 356 378 105 131 119 132 326 82 382 400 309 336 409 125 385 361 335 350 93 98 418 78 362 381 391 395 316 374 368 334 333 432 128 380 104 77 315 428 310 371 403 307 440 365 389 
229 278 156 221 264 198 199 201 43 197 260 223 283 58 267 282 202 236 228 273 44 284 161 42 276 32 174 0 163 178 62 279 271 190 153 268 170 64 17 150 253 191 257 219 154 224 19 231 204 220 135 145 36 237 67 185 230 192 188 259 34 16 214 30 5 270 176 65 35 294 210 388 121 131 418 449 362 432 445 108 128 353 405 425 346 413 315 324 90 72 342 389 123 132 96 434 369 403 435 76 134 431 326 329 338 383 387 77 410 89 94 115 99 439 372 355 104 427 440 371 312 102 424 337 340 422 441 331 384 119 438 339 412 85 323 
235 287 163 14 224 295 63 4 261 271 186 237 273 173 39 159 15 263 191 245 172 202 70 185 266 146 294 149 200 25 260 161 8 10 147 296 67 203 56 142 170 160 264 27 267 21 279 171 257 22 13 281 59 33 197 255 30 278 236 292 17 162 164 44 193 29 178 280 283 243 38 425 110 369 449 347 122 377 363 319 118 119 443 370 84 103 350 361 417 402 373 383 433 79 96 432 391 421 316 335 334 100 407 371 379 115 409 415 77 93 309 117 331 74 315 75 81 374 92 338 400 106 317 450 430 323 111 72 408 324 101 382 90 375 343 
286 293 59 182 265 198 238 222 43 25 5 289 287 145 6 268 45 57 67 219 174 33 149 231 276 299 290 263 46 226 212 241 204 217 40 163 201 229 166 139 18 138 262 266 167 191 228 35 255 239 183 56 63 26 179 210 281 49 58 51 261 193 245 2 203 269 66 240 20 194 259 76 301 130 394 308 309 122 383 365 108 411 72 105 118 113 101 347 134 106 354 375 97 367 408 393 86 407 431 79 356 336 318 329 87 305 398 115 74 117 389 380 416 328 73 372 310 435 339 307 83 368 359 351 126 382 340 332 124 338 112 447 95 346 436 
56 257 137 293 10 241 157 2 276 277 225 151 206 220 239 5 23 22 266 59 45 286 14 21 38 229 196 248 207 40 54 290 24 141 265 263 210 193 212 136 164 195 203 144 284 161 222 254 233 205 51 171 184 295 214 182 282 60 62 191 264 37 49 16 154 186 33 162 13 198 299 122 335 407 93 98 337 450 91 88 389 378 342 382 131 306 74 420 120 393 354 349 371 391 104 369 348 364 385 78 108 416 321 127 422 383 336 384 134 444 116 360 434 110 77 431 432 107 81 412 126 395 317 370 79 405 84 132 100 82 417 380 339 377 320 
217 291 289 15 7 238 159 240 46 276 224 64 287 282 249 228 70 55 267 68 2 0 3 32 17 186 5 294 191 270 185 165 35 8 278 156 39 161 180 146 181 14 198 184 173 51 57 208 300 160 286 41 190 221 218 16 194 265 42 66 53 246 295 20 203 6 63 227 140 19 4 78 328 357 335 98 309 445 124 412 301 79 435 427 351 383 129 440 441 405 95 384 90 330 336 315 341 334 355 126 119 390 367 446 393 88 317 75 431 386 92 378 332 305 369 77 313 350 391 133 377 425 359 306 404 422 107 123 395 72 94 353 314 310 322 
265 14 151 182 232 262 276 240 245 167 224 162 236 229 158 247 259 212 21 39 62 50 49 188 200 10 263 177 180 266 279 290 223 272 227 186 170 66 44 60 298 256 15 285 31 143 237 242 53 154 183 215 288 161 205 147 283 156 201 140 69 142 273 254 286 24 30 175 278 168 139 91 365 341 443 309 434 410 319 414 307 429 444 301 385 332 343 102 360 92 75 329 420 405 327 425 326 134 83 73 371 402 436 396 85 335 89 435 126 324 380 72 77 372 384 87 397 120 368 421 409 114 107 122 325 381 320 95 323 393 345 388 82 318 445 
283 169 39 31 205 173 256 275 217 153 235 163 52 191 47 14 178 177 32 69 187 7 157 204 46 189 3 16 53 247 141 215 167 262 227 138 19 174 148 276 42 253 299 158 295 170 21 150 218 263 18 245 290 27 292 65 70 185 202 6 184 237 166 197 294 161 208 277 48 57 233 438 402 119 335 341 359 392 333 103 442 75 81 386 389 398 358 330 382 111 332 416 369 445 427 448 411 446 107 101 72 360 327 97 91 82 112 89 121 86 433 76 400 435 363 349 361 426 388 98 105 429 117 419 315 309 383 130 102 116 324 88 393 366 106 
244 240 266 68 275 28 251 193 195 297 170 206 215 162 17 202 42 49 54 1 200 138 211 245 20 24 199 15 32 247 292 224 58 295 155 227 239 210 16 289 286 208 141 217 55 182 150 163 218 264 144 204 188 61 270 254 154 14 274 70 10 221 233 284 294 52 205 5 268 3 43 123 378 355 412 341 352 424 305 343 314 131 372 393 408 344 360 373 356 337 87 99 306 321 107 117 419 128 72 116 92 402 308 409 307 126 366 345 317 338 80 447 437 85 98 397 115 420 75 332 381 134 361 125 446 407 133 391 398 94 395 392 396 428 318 
53 216 293 223 174 278 148 21 168 28 68 178 256 203 261 262 5 196 234 232 292 252 205 275 155 280 142 59 228 18 3 204 182 153 150 70 215 264 19 38 265 11 171 65 39 58 8 244 188 48 192 164 285 224 10 277 27 60 211 66 183 50 229 198 238 173 271 206 241 13 230 371 305 317 427 307 119 391 315 414 394 86 404 84 413 429 93 410 376 356 341 95 411 444 399 365 81 134 431 442 302 401 441 353 355 330 118 129 324 109 115 358 374 357 437 443 354 320 325 406 331 130 375 132 112 316 344 329 409 106 99 105 363 380 412 
202 261 149 144 254 224 255 35 267 6 23 274 223 178 237 264 215 153 210 49 203 37 63 208 67 220 175 32 228 69 58 250 214 287 57 147 189 282 181 39 40 172 188 262 259 173 43 140 158 241 59 187 205 230 270 185 232 160 206 154 141 200 260 243 285 180 17 245 222 258 275 130 98 393 328 112 310 81 390 377 324 355 447 374 360 78 303 301 363 440 448 117 356 404 388 365 345 379 76 96 410 82 368 121 337 441 109 387 430 125 439 419 381 380 83 414 304 94 346 75 319 103 348 415 426 85 107 114 95 392 314 330 344 134 446 
280 10 272 24 194 267 158 139 43 135 212 246 228 227 292 245 225 259 26 39 147 207 253 168 174 60 297 7 154 180 260 279 221 68 256 63 219 257 276 161 230 234 21 179 287 146 49 202 185 215 5 296 159 277 300 240 298 30 28 35 268 31 136 48 169 286 65 198 270 178 142 313 117 366 110 404 99 305 350 341 441 320 439 106 425 327 102 125 113 100 89 88 400 382 120 408 343 434 418 414 445 349 90 413 301 326 80 310 86 387 339 71 134 426 444 96 333 318 363 395 314 385 97 419 391 330 422 379 369 91 424 389 410 126 431 
3 245 178 50 165 284 33 249 36 138 200 63 192 53 292 189 5 207 45 21 23 157 197 247 195 258 260 264 269 51 228 237 135 217 166 211 298 259 215 37 146 233 148 140 19 196 55 201 168 2 198 173 57 299 24 149 274 181 154 256 220 212 56 65 49 213 291 282 182 209 218 352 134 367 131 357 132 103 95 77 79 333 315 428 384 386 309 446 376 374 418 379 365 336 351 125 124 85 93 449 414 84 443 437 89 327 432 322 329 331 90 377 397 306 75 344 400 118 127 96 445 121 433 334 348 385 435 320 133 388 83 335 102 440 405 
300 167 235 196 227 63 269 268 208 150 18 244 259 193 184 60 216 273 51 169 165 219 162 223 179 25 295 190 176 175 45 67 153 211 154 163 22 158 285 166 246 52 46 187 237 270 13 234 17 255 38 168 9 214 263 230 3 189 170 65 141 248 172 239 267 258 283 143 11 182 19 347 112 315 321 345 107 387 393 341 134 440 368 411 120 126 342 390 101 408 377 344 121 93 133 305 339 110 431 432 313 318 302 352 389 117 303 336 365 131 328 334 103 416 308 356 118 80 427 430 323 127 106 85 71 353 119 87 362 420 104 449 116 74 123 
168 223 216 261 17 66 64 283 244 191 254 250 239 228 277 194 298 289 256 229 288 35 253 225 164 147 235 287 43 201 199 263 248 150 67 143 205 224 198 45 295 163 278 57 161 11 300 268 28 167 196 8 270 265 217 153 178 203 26 3 177 282 22 19 180 284 237 213 154 36 258 76 110 401 386 437 129 409 321 107 84 337 88 342 94 92 128 432 307 371 433 440 397 346 308 132 74 398 445 378 439 122 412 436 330 324 118 428 312 410 320 403 363 350 310 354 119 347 323 86 422 327 355 442 404 413 372 376 104 448 120 328 93 438 302 
296 263 3 27 44 236 203 295 288 185 22 64 211 221 49 285 291 140 15 21 254 224 167 136 191 13 197 258 61 9 264 63 207 0 266 158 267 193 278 143 173 30 160 290 177 279 11 294 165 222 65 210 253 156 170 226 35 56 248 259 284 271 39 40 261 293 149 219 283 233 287 447 316 88 331 435 362 350 396 367 399 114 404 118 354 321 381 110 369 407 403 100 355 87 129 418 397 319 75 437 358 82 101 430 398 327 427 386 368 426 409 376 313 394 111 132 314 333 105 400 405 80 443 357 72 304 133 445 325 425 353 310 374 428 107 
172 68 57 0 230 252 32 284 227 141 276 298 23 295 270 207 153 211 166 291 281 169 271 210 69 253 237 260 296 20 55 47 274 17 148 181 61 250 36 9 184 174 187 164 293 154 246 24 199 294 185 168 34 191 196 208 249 209 136 278 48 165 241 267 286 6 1 273 142 204 220 75 386 77 314 430 349 335 406 74 85 117 371 312 95 98 331 126 112 384 357 363 429 409 340 132 122 324 435 359 385 369 80 419 395 422 417 111 81 434 423 433 105 436 343 106 414 344 318 124 443 301 346 413 404 374 411 115 439 400 88 402 76 308 317 
185 175 43 46 294 7 290 35 139 260 147 39 17 191 201 218 162 2 40 64 196 287 143 221 285 51 291 211 168 12 253 69 62 237 54 53 263 234 42 283 299 155 28 179 276 63 257 207 236 24 166 194 189 68 197 29 160 289 210 55 18 152 205 212 232 36 5 235 0 14 209 370 75 327 409 405 440 81 316 395 111 398 373 391 380 335 310 382 329 128 375 74 433 444 92 79 413 416 359 78 381 377 403 321 357 342 366 115 396 84 449 360 412 326 96 71 349 114 324 414 307 314 110 305 434 73 432 90 384 108 117 423 134 379 446 
180 287 28 59 20 239 230 196 145 185 56 167 152 260 67 209 184 274 268 224 16 194 191 208 40 68 66 262 259 283 282 281 176 233 169 5 137 35 2 23 235 240 46 29 237 204 144 172 197 21 52 64 63 9 205 277 300 136 170 32 1 171 293 11 291 54 216 70 61 272 8 315 97 332 340 449 105 402 111 448 344 380 122 123 441 408 427 95 307 84 79 85 114 338 323 409 355 421 406 436 382 403 369 365 128 335 325 346 424 88 375 334 327 438 395 444 78 399 337 92 360 434 386 82 422 349 362 373 351 443 385 130 313 125 131 
