-1 -1 -1 -1 -1 -1 -1 -1 -1 -1 -1 -1 -1 -1 -1 -1 -1 -1 -1 -1 -1 -1 -1 -1 -1 -1 -1 -1 -1 -1 -1 -1 -1 -1 -1 -1 -1 -1 -1 -1 -1 -1 -1 -1 -1 -1 -1 -1 -1 -1 
139 35 165 129 177 194 164 48 65 131 85 15 174 3 29 196 152 151 64 167 79 86 18 168 31 119 137 103 150 32 120 161 44 23 125 124 6 169 114 89 159 101 25 91 39 5 187 4 97 1 
27 15 167 115 70 10 73 170 93 130 184 152 90 59 85 102 26 139 35 148 80 183 12 72 0 163 55 39 23 69 125 31 154 135 161 57 146 51 103 166 58 91 97 198 185 111 38 147 75 126 
167 20 21 149 194 29 174 83 61 93 24 156 177 110 108 139 60 30 165 65 11 131 152 113 45 150 179 106 134 99 81 180 57 52 58 154 121 181 190 153 161 89 125 67 127 197 23 101 123 75 
194 56 167 24 130 199 70 115 113 3 65 110 90 42 155 145 148 22 186 46 18 35 72 77 198 122 106 190 150 45 141 17 28 157 169 51 154 134 34 25 58 78 4 89 166 172 181 75 137 97 
27 87 30 148 149 130 84 188 54 21 42 142 151 2 72 158 13 167 59 186 113 116 43 63 36 99 114 103 118 121 8 117 172 119 51 31 120 132 166 58 44 150 171 19 55 122 81 161 96 14 
188 186 152 145 138 142 90 191 164 77 42 11 86 168 83 9 27 113 73 184 88 95 189 13 109 0 175 25 166 38 37 125 163 171 128 78 135 172 141 123 69 91 94 106 179 150 100 57 4 101 
33 164 156 27 142 110 77 92 56 79 144 87 186 129 64 15 105 10 112 86 95 65 116 90 161 187 109 0 69 169 111 8 121 94 44 143 52 6 5 40 126 103 171 185 178 137 47 97 17 132 
131 199 87 183 174 167 11 155 93 13 43 113 182 83 95 104 30 144 92 9 63 139 74 85 135 17 118 49 62 6 141 38 51 114 52 82 81 169 179 181 0 75 28 185 124 173 94 161 32 99 
53 80 42 177 12 98 186 145 66 136 41 183 85 2 90 130 168 76 176 191 74 115 22 9 1 19 23 106 52 121 114 160 187 193 117 47 45 32 36 150 57 69 58 163 68 39 198 157 44 51 
21 60 13 35 165 77 110 149 61 53 176 170 138 156 22 162 183 24 85 189 131 155 18 15 78 99 123 173 160 141 100 153 119 6 67 75 146 175 150 185 172 57 143 17 71 157 16 106 5 37 
116 42 129 142 46 30 66 167 54 21 115 93 131 104 112 151 15 64 98 170 65 105 79 183 52 195 37 1 173 109 81 181 71 69 118 172 100 125 78 166 67 25 19 32 134 103 75 169 101 160 
43 64 50 53 61 116 192 156 74 174 105 9 108 112 21 29 33 65 66 138 10 35 77 144 132 44 69 114 47 127 19 23 172 163 71 67 161 14 52 166 107 38 82 133 154 37 125 89 134 195 
27 87 113 168 93 80 162 110 98 115 59 65 12 164 61 10 104 72 29 199 54 41 3 196 34 134 25 31 121 153 122 124 69 4 180 197 67 55 6 62 111 7 173 45 40 107 75 5 181 47 
90 66 9 48 60 129 168 77 183 138 3 46 164 104 35 105 53 176 167 110 184 155 73 20 169 187 117 180 100 16 67 94 172 7 81 157 82 78 71 123 31 159 135 52 118 153 185 179 190 197 
26 59 76 73 15 164 33 158 42 165 54 12 184 144 191 63 156 20 93 74 162 61 27 170 6 31 49 181 100 81 147 135 187 101 179 58 78 91 150 69 45 62 146 124 68 82 52 141 128 96 
182 41 90 66 110 86 85 26 165 64 168 18 194 104 11 170 54 199 102 139 140 30 113 72 7 187 101 62 0 8 58 126 109 52 172 123 178 125 118 55 6 40 51 195 180 190 1 198 32 143 
95 98 88 90 10 66 74 20 102 189 191 182 155 72 70 35 53 11 176 73 139 151 42 162 0 126 91 78 52 150 4 45 68 172 32 141 38 127 8 97 94 62 143 1 47 25 34 147 169 160 
176 145 11 93 22 186 144 42 46 192 155 92 27 108 131 130 50 21 65 138 140 30 115 61 32 117 125 55 96 198 127 34 49 114 119 147 181 45 100 0 172 57 118 178 134 157 154 16 97 38 
116 43 188 2 151 110 136 167 164 182 24 15 191 63 80 56 158 186 10 140 27 192 144 189 57 89 8 161 23 40 82 6 119 171 187 4 180 117 55 37 178 51 107 34 111 160 91 153 16 122 
65 110 148 102 105 139 138 48 145 192 79 56 131 164 183 73 177 104 18 84 184 86 113 115 135 146 68 101 81 181 120 153 97 161 103 166 0 71 171 78 154 67 121 127 47 137 96 125 75 39 
53 73 162 27 64 20 26 176 22 56 174 61 42 151 3 33 189 65 95 88 2 144 108 79 119 38 150 45 161 160 55 32 49 128 123 34 193 121 94 125 75 0 101 6 51 89 99 166 57 133 
59 43 79 183 182 156 168 130 11 15 189 199 167 129 93 85 65 191 48 41 50 33 138 76 71 154 34 150 172 82 99 132 111 166 169 94 81 106 55 31 197 6 49 0 122 78 125 52 107 137 
113 104 177 54 156 84 90 108 151 66 33 10 24 167 59 86 9 63 41 15 61 30 116 29 5 36 28 103 14 44 4 169 135 197 38 146 45 51 23 133 99 141 132 106 190 109 157 0 173 19 
10 41 64 61 194 60 155 112 84 184 79 144 15 74 130 13 70 189 85 151 108 177 113 46 106 39 7 58 133 161 62 185 49 111 150 6 17 123 0 157 197 45 121 109 190 91 96 32 52 198 
72 139 9 64 152 98 176 88 54 145 112 142 129 105 70 191 140 170 65 174 35 33 48 12 120 190 75 5 160 143 6 173 146 163 101 7 180 51 106 52 154 99 179 118 181 96 57 25 193 67 
145 84 12 50 2 112 63 176 151 174 59 108 177 61 83 54 77 170 80 43 136 30 102 131 100 137 119 114 14 154 180 121 173 82 1 36 153 181 47 197 172 178 34 157 122 120 45 8 67 91 
98 9 110 155 156 186 43 158 93 192 170 92 151 136 131 3 174 21 59 11 66 33 73 30 178 55 137 153 159 119 4 143 28 124 133 62 146 118 25 154 126 163 197 161 128 67 40 132 123 69 
152 148 77 12 199 48 76 158 27 79 59 3 90 183 53 64 93 110 56 46 50 88 9 73 109 68 45 153 49 96 118 132 36 38 122 62 91 51 172 125 157 94 31 37 82 134 23 89 34 154 
194 115 13 189 145 54 10 12 20 59 83 50 9 85 116 148 168 53 80 113 30 144 139 72 5 99 147 146 185 96 40 171 31 181 19 47 8 106 143 75 1 122 89 124 94 132 125 101 45 69 
