-1 -1 -1 -1 -1 -1 -1 -1 -1 -1 -1 -1 -1 -1 -1 -1 -1 -1 -1 -1 -1 -1 -1 -1 -1 -1 -1 -1 -1 -1 -1 -1 -1 -1 -1 -1 -1 -1 -1 -1 -1 -1 -1 -1 -1 -1 -1 -1 -1 -1 -1 -1 -1 -1 -1 -1 -1 -1 -1 -1 -1 -1 -1 -1 -1 -1 -1 -1 -1 -1 -1 -1 -1 -1 -1 -1 -1 -1 -1 -1 -1 -1 -1 -1 -1 -1 -1 -1 -1 -1 -1 -1 -1 -1 -1 -1 -1 -1 -1 -1 -1 -1 -1 -1 -1 -1 -1 -1 -1 -1 -1 -1 -1 -1 -1 -1 -1 -1 -1 -1 -1 -1 -1 -1 -1 -1 -1 -1 -1 -1 -1 -1 -1 -1 -1 
67 212 238 137 228 192 230 152 270 268 259 11 12 217 210 159 272 28 53 289 9 264 218 178 186 267 276 147 239 29 260 279 204 166 66 234 158 242 225 288 44 43 17 184 257 181 256 54 216 205 179 231 20 156 176 294 196 198 46 169 26 255 42 138 293 39 182 271 339 91 110 418 87 317 305 415 334 411 99 421 395 424 310 324 440 322 344 394 300 124 376 301 79 426 386 410 372 445 295 104 120 101 378 319 347 361 328 356 84 404 431 417 435 107 309 333 95 446 114 102 407 329 430 362 375 409 117 75 373 323 312 399 436 425 325 
262 3 253 207 137 12 160 230 23 42 248 55 139 151 48 143 138 206 56 211 187 212 15 197 188 289 272 43 286 196 67 254 276 198 57 19 36 158 177 154 179 204 263 215 219 39 264 168 29 269 285 275 54 281 195 46 181 200 135 65 277 283 136 47 41 235 51 294 102 445 415 80 355 433 319 85 379 77 377 400 393 368 115 322 120 436 429 318 390 384 132 82 358 317 68 421 133 117 304 422 416 342 298 324 385 378 346 371 89 123 408 376 407 434 70 97 404 69 380 401 131 367 99 125 88 353 450 86 359 414 81 104 93 73 345 
164 257 151 1 162 208 260 135 160 156 251 276 259 232 246 155 152 166 248 45 290 220 281 55 278 140 242 268 144 226 168 30 245 159 292 174 261 42 36 10 161 149 176 196 7 256 0 205 137 203 157 16 17 275 262 204 218 207 181 13 175 147 48 284 26 243 206 38 302 322 365 426 324 126 78 109 295 113 131 371 437 441 77 307 133 420 346 360 380 413 374 129 88 351 379 424 389 305 134 306 87 414 418 361 320 399 304 328 406 356 309 391 446 327 350 398 315 415 439 428 436 433 363 402 375 427 102 450 94 409 340 364 387 81 407 
209 39 135 37 198 228 31 235 54 35 193 230 232 162 263 44 261 146 7 187 277 253 286 59 179 195 47 18 2 49 13 38 226 180 258 1 14 259 251 48 242 249 26 200 32 283 40 246 11 206 149 219 34 10 257 55 197 238 33 141 4 3 152 274 145 244 22 150 393 425 399 439 105 434 444 312 119 125 75 374 76 338 126 405 430 100 127 300 295 82 400 96 91 86 394 397 398 355 109 417 122 360 406 334 71 416 418 380 323 73 322 85 107 77 385 395 367 74 129 68 413 370 433 329 375 353 298 332 305 98 432 336 381 431 302 
198 217 218 136 195 41 35 225 188 174 168 288 272 138 181 7 249 44 286 285 266 172 267 260 173 280 254 62 156 146 144 36 192 183 247 184 34 274 67 21 143 256 204 13 263 203 226 32 212 231 158 276 46 60 18 205 12 219 49 43 148 239 27 209 159 291 281 233 426 371 411 380 446 95 397 305 392 319 378 101 348 69 304 424 393 81 422 84 339 450 70 98 402 310 94 374 124 439 360 406 405 401 127 428 343 368 338 353 415 417 433 89 115 312 416 78 363 75 102 324 344 132 441 443 425 447 356 316 111 77 114 128 349 385 327 
174 224 226 242 176 138 0 140 251 199 163 189 158 36 45 13 6 207 21 177 184 247 57 14 4 285 274 50 278 139 221 148 172 284 275 230 173 241 142 262 159 164 160 267 219 168 256 162 243 229 287 136 54 149 227 167 16 27 217 246 154 290 187 288 265 280 236 62 321 70 368 82 100 358 402 326 128 405 432 75 90 133 390 412 125 112 417 330 416 385 318 395 94 311 106 357 424 89 118 68 101 317 88 329 85 389 76 438 446 353 296 97 116 320 134 445 346 73 340 92 425 448 421 84 316 334 295 399 102 336 363 72 361 348 404 
262 180 14 217 226 271 66 267 179 38 249 221 4 162 137 175 231 194 265 157 62 5 198 36 58 277 222 268 53 41 48 242 219 23 7 206 47 214 177 2 288 223 141 168 269 260 290 40 57 35 228 235 150 37 201 216 244 17 158 276 159 245 270 33 238 50 60 200 326 317 99 68 132 98 438 372 329 88 442 367 318 295 93 394 446 448 363 109 359 353 113 346 312 303 352 351 426 395 427 79 107 365 104 78 131 396 332 82 307 304 357 424 97 297 128 133 343 323 355 381 101 89 114 385 441 70 310 380 302 430 130 112 134 115 377 
144 148 155 186 27 219 287 196 294 279 61 173 232 198 139 222 262 267 283 34 17 252 2 246 157 13 234 265 55 171 156 223 35 164 146 33 166 224 174 194 15 289 240 215 257 40 167 67 225 4 176 25 7 153 200 189 49 53 179 255 291 24 239 147 12 258 135 43 108 76 102 410 317 434 324 381 305 126 344 439 81 394 94 91 115 98 103 299 347 388 298 379 313 75 110 309 401 445 409 397 375 365 329 416 398 427 430 351 402 106 85 421 336 127 311 332 129 366 383 349 99 82 116 109 301 370 423 374 449 321 405 120 367 444 400 
267 21 243 42 257 172 135 0 182 179 47 28 44 171 202 10 287 252 186 277 216 175 279 292 170 31 280 168 161 146 35 210 32 45 234 288 187 258 1 213 200 272 278 4 159 276 33 197 251 209 183 275 51 286 211 256 285 43 208 271 49 229 174 29 155 232 15 9 118 438 330 131 134 90 108 84 313 128 412 408 385 361 334 339 302 309 432 68 427 326 369 400 416 80 391 430 310 394 69 443 315 121 70 383 316 105 295 304 336 344 306 322 401 327 77 366 129 79 119 115 417 378 103 431 397 410 363 335 370 113 78 317 323 355 379 
240 191 199 204 136 158 10 239 269 286 153 261 160 42 33 265 48 231 3 237 207 183 236 156 272 47 290 238 61 17 58 146 21 152 164 275 2 253 291 211 216 280 18 49 54 41 196 4 254 150 170 167 285 202 166 7 38 169 250 186 147 263 234 203 44 36 188 151 412 383 440 314 108 362 103 306 425 421 120 396 446 401 390 305 344 349 77 380 406 323 368 372 419 100 429 397 427 430 110 379 304 334 416 359 300 398 311 125 435 318 399 420 88 408 375 436 376 76 317 361 342 320 309 299 302 351 126 395 324 117 308 325 94 75 81 
287 258 251 173 245 263 6 37 28 217 34 244 264 210 182 165 44 207 157 143 224 26 171 267 199 203 156 0 64 138 265 200 25 223 147 20 22 243 215 177 233 259 35 204 250 178 205 56 289 10 3 141 235 59 153 290 271 158 181 249 42 33 19 286 246 9 238 18 296 339 305 107 92 86 401 81 413 99 426 127 393 319 332 297 313 422 73 347 369 102 128 116 129 442 79 373 391 300 327 400 122 376 352 326 341 90 95 409 75 353 372 382 386 307 365 359 325 324 423 125 371 101 74 306 419 301 362 394 298 444 356 380 350 308 406 
211 150 190 270 63 286 5 208 165 51 8 3 178 249 67 151 240 49 231 19 238 135 154 30 268 136 254 217 140 197 214 39 47 153 54 209 171 176 232 251 60 292 164 246 61 43 290 145 215 285 260 269 280 167 222 293 206 57 220 259 26 230 2 152 218 216 219 245 379 118 128 409 440 353 423 436 105 125 344 444 416 337 404 306 315 87 69 333 380 120 129 93 449 447 394 426 73 131 422 317 320 329 374 378 74 401 86 91 112 96 430 363 346 101 418 431 362 303 99 415 328 331 413 432 322 375 116 429 330 403 82 314 365 324 89 
191 252 208 6 35 147 46 50 156 289 141 170 180 241 150 225 236 228 51 203 10 182 63 209 163 32 222 21 31 286 12 205 244 292 13 189 169 48 280 266 181 28 219 57 155 175 190 264 194 188 174 54 230 197 233 261 178 255 55 235 247 33 223 213 277 248 165 166 416 107 360 440 338 119 368 354 310 115 116 434 361 81 100 341 352 408 393 364 374 424 76 93 423 382 442 307 326 325 97 398 362 370 112 400 406 74 90 300 114 322 71 306 72 446 365 89 329 391 103 308 441 445 314 108 69 399 315 98 373 87 366 334 106 380 413 
177 254 31 244 46 149 20 225 2 198 213 49 265 13 279 181 16 262 10 260 36 179 24 189 159 180 63 228 222 33 22 212 143 14 55 56 29 162 232 183 178 141 1 7 219 236 165 270 203 293 242 51 187 12 209 208 61 290 144 160 148 145 8 172 150 237 202 42 73 132 127 385 299 300 119 374 356 105 402 69 102 115 110 98 338 131 103 345 444 94 358 399 384 448 449 422 447 347 327 446 320 84 296 389 112 71 114 380 371 407 319 70 363 301 426 330 298 80 359 350 342 123 373 331 323 121 329 109 438 92 337 427 129 297 354 
282 55 63 11 50 263 212 187 225 288 150 197 14 47 230 236 245 17 239 260 252 51 257 292 261 184 237 220 169 27 178 139 262 253 240 16 254 280 277 144 278 233 164 243 281 179 193 39 48 165 208 149 162 138 227 140 285 67 201 13 158 54 163 154 156 217 224 137 119 326 398 90 95 328 441 88 85 380 369 333 373 128 297 71 411 117 384 345 340 362 382 101 360 339 355 376 75 105 407 312 124 445 447 327 375 131 435 113 351 425 107 74 422 423 104 78 403 123 386 308 361 76 396 81 129 97 79 408 371 330 368 311 305 394 350 
200 240 8 159 275 160 219 225 57 228 243 37 149 158 279 161 16 36 0 3 221 51 252 259 238 138 27 171 267 11 164 155 59 239 248 44 229 204 147 6 273 62 206 269 280 63 174 163 213 45 64 28 254 176 152 19 190 141 249 5 9 208 137 294 157 292 276 52 75 319 348 326 95 300 436 121 403 132 76 426 418 342 374 449 431 432 396 92 375 87 321 327 306 332 325 346 123 116 381 358 437 384 85 308 72 422 445 89 369 323 296 360 74 304 341 446 130 368 416 350 297 395 413 104 120 386 69 91 344 305 301 313 71 408 363 
157 43 139 63 290 31 13 17 282 242 183 243 252 160 23 44 173 203 292 270 153 185 168 38 188 172 152 28 40 154 287 150 245 276 219 177 268 261 234 250 144 158 224 211 167 281 48 198 260 218 53 3 190 171 34 193 15 249 263 266 195 196 279 278 223 7 135 9 88 356 332 434 300 425 401 310 405 298 420 450 132 376 323 334 99 351 89 72 444 411 396 318 416 317 131 80 70 362 393 427 387 82 326 86 426 123 315 371 69 74 363 375 84 388 117 359 412 400 111 104 119 316 372 311 92 314 384 336 379 79 309 436 296 333 421 
188 195 159 41 198 234 61 181 142 284 253 205 192 141 160 14 135 187 246 281 248 139 171 244 56 216 60 280 240 274 36 190 224 42 143 153 186 147 25 62 136 33 285 55 9 213 272 40 144 8 209 2 163 268 172 66 155 236 49 207 165 44 46 15 35 176 273 53 429 393 116 326 332 350 383 324 100 433 72 78 377 380 389 349 321 373 108 323 407 360 436 418 439 402 437 104 98 69 351 318 94 88 79 109 86 118 83 448 73 391 426 354 340 352 417 379 95 102 420 114 410 306 300 374 127 449 113 315 85 384 357 103 87 304 392 
175 59 278 43 9 170 257 172 281 164 285 262 0 232 246 258 141 222 214 240 42 181 23 223 275 226 239 201 220 31 190 62 264 16 158 32 236 276 20 269 259 230 40 247 28 215 261 11 146 194 287 283 173 270 165 51 4 200 6 290 187 34 244 207 202 199 265 138 120 369 346 403 446 343 415 296 334 305 128 363 449 399 335 351 364 347 328 84 96 297 312 104 114 410 125 69 113 89 393 299 400 443 123 357 336 308 329 447 438 428 82 95 388 112 411 72 323 372 444 352 122 437 398 130 382 389 91 386 383 387 419 309 306 430 367 
155 12 149 35 271 246 31 17 242 38 272 164 231 235 279 270 260 137 229 274 220 5 24 224 264 291 262 276 208 16 54 261 179 175 226 167 8 211 152 210 203 290 41 56 184 51 250 259 136 236 22 33 187 230 7 36 227 232 238 40 19 145 223 11 150 284 285 34 362 296 308 418 298 116 382 306 405 385 83 395 81 404 420 90 401 367 448 332 92 402 435 390 356 78 131 422 433 133 449 432 344 346 321 115 126 315 106 112 349 365 442 428 434 345 311 316 397 322 127 366 129 109 307 335 320 400 103 444 102 354 371 403 425 373 412 
54 278 162 191 26 17 55 149 148 195 163 139 244 227 58 270 190 155 138 183 234 292 258 213 1 243 196 22 284 240 271 199 140 44 277 174 152 29 231 7 173 45 15 6 50 49 205 287 47 204 212 59 164 48 39 4 232 193 255 165 257 274 157 21 53 269 184 253 127 95 384 319 109 301 78 381 368 315 346 438 365 351 75 449 132 354 431 439 114 347 395 444 356 336 370 73 93 401 79 359 118 328 432 106 378 421 122 430 410 372 371 80 405 295 91 337 72 310 100 339 406 417 82 104 111 92 383 305 321 335 131 437 99 338 398 
286 227 62 180 152 54 137 189 163 21 13 158 294 16 177 1 169 50 221 164 214 222 269 199 178 219 24 12 33 207 46 67 231 210 290 209 59 271 154 260 17 289 167 272 240 175 238 147 61 64 38 247 172 20 242 235 194 191 218 215 14 280 31 190 257 211 192 239 304 114 357 107 395 96 296 341 332 432 311 430 103 416 318 99 122 110 97 86 85 391 373 117 399 334 425 409 405 436 340 87 404 132 317 77 301 83 378 448 68 131 417 435 93 324 309 354 445 305 376 94 410 382 321 413 370 360 88 415 380 401 123 422 362 446 336 
174 185 291 252 214 287 176 221 42 212 237 170 261 175 269 144 189 222 38 61 157 148 36 232 266 58 40 223 190 31 37 159 16 227 12 49 203 169 256 27 50 137 280 205 34 156 243 191 152 219 30 242 273 224 143 52 26 167 149 260 182 294 29 201 233 241 20 230 343 131 358 128 348 129 100 92 74 76 324 306 419 375 377 300 449 367 365 409 370 356 327 342 122 121 82 90 440 405 81 442 428 86 318 423 313 320 322 87 368 388 297 72 335 391 115 124 93 445 118 424 325 339 376 426 311 130 379 80 326 99 431 443 404 112 314 
8 228 201 28 46 52 260 159 143 15 151 26 237 173 261 269 226 144 221 18 153 19 248 272 266 141 149 275 207 270 58 209 254 164 258 50 180 27 256 231 186 66 178 289 21 268 13 225 223 181 56 284 200 193 136 37 170 169 177 224 32 220 150 51 187 139 29 276 338 109 306 312 336 104 378 384 332 131 431 359 402 117 123 333 381 98 399 368 335 118 90 130 296 330 107 422 423 304 309 133 343 380 114 134 327 356 128 319 325 100 407 299 347 115 77 418 421 314 124 103 82 68 344 116 84 353 447 101 440 113 71 120 413 419 397 
218 171 28 245 265 254 143 291 284 145 244 170 186 201 15 158 214 53 217 36 47 38 174 269 138 242 22 153 241 137 20 193 285 19 252 30 182 147 277 200 180 33 202 41 238 13 160 64 248 43 9 37 10 239 165 5 2 273 266 51 281 220 247 209 65 278 58 231 73 107 392 377 428 126 400 312 104 81 328 85 333 91 89 125 423 298 362 424 431 388 337 299 129 71 389 448 369 430 119 403 427 321 442 115 419 303 401 311 394 354 341 446 345 116 450 314 83 413 318 346 433 395 404 363 367 101 439 117 319 90 429 133 432 396 322 
5 230 196 147 288 24 37 214 231 62 273 159 265 188 48 280 246 213 236 175 56 12 178 29 161 53 190 15 198 65 1 240 263 51 155 205 204 185 222 182 156 22 141 9 153 192 255 286 239 179 256 7 162 21 228 220 6 169 207 154 260 186 234 31 164 168 39 33 438 307 85 322 426 353 341 387 358 390 111 395 115 345 312 372 107 360 398 394 97 346 84 126 409 388 310 72 428 349 79 98 421 389 450 449 377 359 417 400 367 304 385 108 129 305 324 102 391 396 77 434 348 69 295 130 436 316 416 344 301 365 419 104 90 343 297 
176 204 188 269 210 50 279 236 276 286 251 273 227 37 17 239 233 280 12 197 290 205 285 237 294 201 20 24 135 181 28 224 31 141 154 244 159 165 33 139 153 26 7 11 143 62 215 10 63 4 25 34 265 54 241 196 207 15 291 55 254 253 166 189 21 174 281 213 72 377 74 305 446 340 326 397 71 82 447 362 303 450 95 322 123 109 375 348 354 420 400 331 129 119 315 426 350 376 360 77 410 386 413 444 108 78 425 414 424 102 427 334 103 405 335 309 121 434 132 337 404 395 365 402 112 430 391 85 393 73 299 308 81 443 104 
21 57 33 285 15 45 4 230 169 248 229 49 139 202 288 201 292 151 145 9 246 199 242 5 36 41 240 172 188 196 279 205 186 62 28 235 155 143 191 194 53 180 64 48 294 40 283 148 158 61 238 222 267 268 170 37 226 1 63 6 250 137 239 249 236 42 281 200 361 72 318 400 396 431 78 307 386 108 389 364 382 371 326 301 373 320 125 366 446 424 435 89 76 404 407 350 75 372 368 394 312 348 333 357 112 387 81 440 351 403 317 93 68 340 111 315 405 298 305 107 296 425 70 423 87 444 105 114 414 131 370 437 420 443 313 
227 176 246 183 155 199 156 12 178 9 141 40 4 23 194 264 57 5 177 55 277 275 202 181 282 266 285 16 276 251 35 59 259 171 170 63 196 195 46 188 248 8 34 162 0 166 149 220 258 145 237 60 136 208 180 204 24 41 42 263 138 192 54 37 269 198 39 230 306 94 323 331 440 102 393 108 439 335 371 119 446 432 399 418 92 298 81 76 82 111 329 314 450 346 412 397 427 373 394 360 356 125 326 316 337 415 85 366 325 318 429 386 435 75 390 328 89 351 425 377 79 413 447 353 364 448 434 442 127 304 444 128 100 372 112 
