-1 -1 -1 -1 -1 -1 -1 -1 -1 -1 -1 -1 -1 -1 -1 -1 -1 -1 -1 -1 -1 -1 -1 -1 -1 -1 -1 -1 -1 -1 -1 -1 -1 -1 -1 -1 -1 -1 -1 -1 -1 -1 -1 -1 -1 -1 -1 -1 -1 -1 -1 -1 -1 -1 -1 -1 -1 -1 -1 -1 -1 -1 -1 -1 -1 -1 -1 -1 -1 -1 -1 -1 -1 -1 -1 -1 -1 -1 -1 -1 -1 -1 -1 -1 -1 -1 -1 -1 -1 -1 -1 -1 -1 -1 -1 -1 -1 -1 -1 -1 -1 -1 -1 -1 -1 -1 -1 -1 -1 
118 44 16 17 115 147 25 157 32 0 143 136 153 127 126 31 33 11 6 20 8 128 144 49 132 7 24 30 135 151 39 4 111 43 35 109 18 158 47 3 142 19 133 122 139 129 15 1 145 155 51 41 93 181 64 210 57 198 176 208 209 71 61 168 178 88 187 185 172 81 86 98 73 70 163 164 190 75 89 55 65 84 58 189 191 211 92 202 196 56 102 199 197 193 79 105 107 72 180 201 195 205 212 203 106 108 177 60 59 
153 26 129 142 111 117 11 27 21 43 2 41 127 0 152 20 131 149 133 154 130 144 16 25 38 116 45 148 24 143 17 23 132 137 119 150 6 145 5 33 128 50 7 9 140 109 40 13 18 31 123 138 84 209 70 98 76 82 72 186 94 182 212 106 191 199 177 193 91 201 197 171 71 203 59 100 57 88 105 180 175 63 53 86 95 204 189 194 77 181 73 187 173 96 172 164 97 200 90 89 62 93 210 80 179 208 104 87 207 
23 122 157 16 159 17 14 143 152 142 150 43 146 37 2 28 0 50 141 117 25 32 155 41 158 38 139 22 21 133 12 36 42 29 134 115 131 40 113 147 51 19 49 127 15 114 7 123 31 39 27 130 75 68 71 160 53 164 162 178 206 200 57 65 183 99 204 69 194 179 92 167 70 185 181 64 166 66 193 94 107 173 180 103 56 184 55 207 59 58 67 91 73 208 54 82 199 198 80 211 205 63 98 86 174 93 197 89 201 
147 41 49 149 134 6 143 141 31 153 157 151 19 155 15 140 13 8 126 132 11 142 116 24 26 45 32 118 10 113 18 119 51 40 46 33 109 21 7 152 110 125 4 14 148 23 120 38 127 30 122 139 182 80 98 53 62 190 99 206 65 162 211 75 63 93 160 194 85 94 58 196 209 165 186 102 97 74 86 56 72 54 108 213 187 81 174 171 66 188 105 177 52 67 69 201 168 200 95 104 70 59 175 68 90 89 207 172 169 
113 146 153 2 130 11 18 115 12 119 50 40 121 110 28 152 150 118 142 143 22 19 123 23 122 135 32 126 39 0 129 134 7 141 51 38 20 17 44 124 149 138 154 131 42 14 137 147 48 148 158 29 58 170 190 69 201 91 70 62 78 71 107 90 199 60 213 188 182 108 87 52 96 94 195 167 174 183 101 95 192 187 65 105 173 193 98 162 211 204 83 55 209 172 77 104 186 97 84 165 198 76 181 189 57 106 99 196 197 
42 146 21 119 145 25 142 130 4 11 31 115 127 46 24 33 27 5 122 154 44 0 143 49 137 124 34 1 39 23 123 134 32 140 132 29 129 109 110 114 149 112 17 136 139 157 8 125 15 13 22 45 169 166 195 59 184 204 79 89 57 82 168 175 171 192 108 68 211 208 201 191 107 102 174 92 95 96 172 103 173 54 177 106 97 84 81 86 64 163 162 98 165 189 206 170 80 160 99 196 210 212 63 176 183 69 199 101 190 
137 17 19 134 116 158 123 32 139 124 7 33 126 2 142 50 16 112 45 30 12 48 153 34 122 128 42 127 38 133 159 130 114 39 149 120 119 25 129 29 136 21 15 13 36 115 150 4 23 20 125 113 88 191 66 177 77 78 100 172 73 81 99 70 161 168 54 64 183 101 164 184 104 98 207 97 59 193 103 169 96 83 171 165 74 190 211 202 84 204 56 173 72 199 180 205 93 85 176 181 86 89 186 185 174 167 175 87 76 
136 47 26 6 140 116 131 137 145 50 156 1 31 109 4 35 129 138 19 125 42 147 113 39 9 144 157 115 23 41 28 128 127 148 154 20 118 146 159 17 14 0 155 149 36 30 5 44 32 152 119 114 185 65 93 68 81 87 168 188 177 192 55 90 54 59 191 62 161 91 198 160 167 82 107 184 202 207 187 58 200 204 106 96 92 197 162 77 102 100 205 210 108 201 67 66 212 63 104 53 172 193 208 179 176 76 183 166 189 
47 11 149 114 124 120 116 2 33 28 150 134 119 8 141 147 37 159 34 133 15 5 46 43 1 13 112 32 49 31 118 25 154 151 153 4 23 9 111 10 137 130 136 131 17 16 139 135 40 127 129 44 166 52 174 191 186 81 188 194 65 200 185 84 60 59 162 108 211 164 179 168 198 197 206 62 75 91 193 58 79 163 99 101 106 212 90 78 187 68 61 56 104 71 205 165 93 181 213 207 94 161 92 74 72 86 199 183 175 
156 109 18 26 140 141 129 27 123 30 124 128 150 22 3 38 46 11 14 122 51 112 5 131 149 120 43 32 115 132 50 13 19 118 158 17 116 153 1 39 4 130 148 146 23 137 44 111 7 45 154 114 95 107 195 74 200 94 102 193 160 82 98 66 91 60 71 85 211 64 90 178 194 209 169 86 177 100 65 97 72 167 83 197 188 162 168 172 163 170 182 70 206 192 99 89 189 212 73 101 87 203 198 108 105 55 57 59 81 
24 127 48 13 33 31 8 109 42 129 140 118 151 128 22 150 5 44 148 134 14 34 130 115 19 50 137 120 123 133 125 40 139 51 46 1 126 144 3 149 138 21 25 17 49 38 142 146 20 4 152 36 206 167 184 85 95 93 207 99 82 194 198 91 97 107 75 162 171 62 187 189 80 169 178 195 165 102 202 84 168 79 197 161 203 81 193 100 86 166 183 52 196 69 59 213 60 182 192 172 212 66 73 88 54 164 163 199 177 
9 136 114 19 110 145 132 25 26 40 39 10 6 123 14 13 49 4 140 150 115 32 133 113 139 29 131 109 30 129 159 154 147 117 23 138 116 137 45 126 143 1 156 41 5 31 112 18 24 111 12 28 64 202 200 101 198 90 104 161 91 183 76 174 61 80 167 63 205 68 79 181 52 96 176 99 196 54 98 197 179 165 77 193 207 86 194 102 186 56 83 103 164 75 180 65 169 87 78 201 206 105 82 94 213 62 208 182 92 
31 146 159 157 0 27 7 18 127 138 117 156 9 135 111 24 114 51 8 120 139 14 116 122 12 149 48 153 47 46 38 132 15 3 19 158 26 17 33 13 128 118 140 42 137 142 121 4 143 133 44 144 60 58 65 103 73 174 193 107 54 167 178 69 64 108 205 59 97 66 74 160 199 94 175 173 165 183 90 176 57 203 104 79 187 81 196 83 76 169 195 179 202 161 101 53 61 201 67 68 84 208 78 100 191 172 163 86 186 
22 7 117 29 27 150 126 119 10 153 116 129 21 157 13 151 125 140 40 111 158 19 141 3 113 139 41 159 16 46 17 135 114 20 45 24 47 137 37 42 50 131 2 39 110 8 12 15 138 133 23 123 84 53 169 68 83 76 170 165 171 180 59 105 185 57 85 189 72 206 67 195 94 211 178 184 193 191 93 89 202 66 197 61 103 81 91 176 186 187 168 104 98 107 177 102 60 174 52 108 78 166 88 80 70 209 182 73 192 
10 17 121 125 120 133 11 132 142 141 49 118 4 126 2 13 151 130 153 16 22 122 18 3 50 149 9 42 47 152 14 23 146 123 15 8 43 44 1 27 144 116 156 110 51 39 129 33 135 159 5 24 204 60 199 75 108 86 203 103 175 160 61 72 55 202 64 183 66 54 189 98 53 101 163 166 161 63 209 107 78 213 102 191 106 84 206 96 74 65 89 105 173 73 57 76 178 205 88 100 62 92 85 168 69 195 207 211 104 
18 0 22 35 159 130 37 122 146 115 39 16 32 134 26 143 142 118 10 51 114 5 45 109 46 125 132 124 48 40 28 9 42 110 11 123 36 156 154 131 25 38 121 1 27 158 135 7 12 113 30 31 196 210 188 168 96 192 189 64 198 69 179 171 102 205 89 55 75 82 208 180 200 80 66 58 211 90 182 161 197 103 87 108 83 204 62 213 178 107 175 63 52 88 191 181 72 73 56 98 186 74 183 184 170 104 101 91 202 
37 125 133 0 18 3 143 110 4 29 32 39 46 15 127 14 117 126 22 36 47 145 45 48 123 114 33 137 136 157 132 131 34 124 6 20 120 134 122 139 44 156 13 151 8 144 154 41 49 25 147 140 180 103 81 91 210 73 64 95 179 74 106 70 176 52 167 80 197 58 65 170 90 173 191 107 105 83 196 203 181 56 87 174 166 209 71 161 194 54 108 86 172 88 175 192 164 79 178 208 62 160 68 101 67 212 168 171 102 
115 23 35 45 50 156 139 1 152 26 159 140 158 150 39 129 10 126 135 28 155 117 2 48 6 153 19 121 29 124 8 130 30 145 31 116 136 118 132 134 131 38 36 157 13 27 109 154 151 138 148 143 94 101 55 71 175 57 210 187 165 193 199 64 68 52 102 174 75 98 62 188 91 105 178 82 197 183 168 93 161 189 190 186 59 53 164 58 74 66 96 163 211 86 212 76 185 61 77 209 198 87 78 201 107 84 166 203 97 
6 112 122 136 156 42 23 4 127 16 138 121 123 143 149 46 159 140 10 144 15 13 148 151 142 120 31 44 158 157 37 47 117 29 3 41 50 34 109 21 147 17 137 0 1 129 132 110 116 131 49 28 171 70 166 99 69 77 90 212 200 97 192 161 62 73 104 202 105 191 199 71 165 198 91 173 168 108 177 80 193 213 183 187 106 208 188 59 78 167 79 181 72 189 88 184 60 170 162 186 178 54 74 87 102 94 101 197 169 
36 110 111 123 129 147 128 1 38 28 159 50 135 109 115 139 20 15 27 31 130 138 30 32 24 45 122 18 126 112 157 4 12 51 137 8 46 22 16 149 133 154 148 136 121 11 2 114 124 143 5 145 99 196 205 167 162 61 195 94 72 81 163 71 57 173 70 174 212 69 211 60 183 213 207 198 54 209 184 62 86 191 176 98 172 53 208 65 63 197 90 178 103 170 200 188 92 166 82 202 160 171 185 93 106 187 84 199 108 
34 9 48 51 49 121 30 111 35 133 134 8 47 36 141 12 122 7 143 130 151 155 0 115 128 46 120 16 159 14 140 112 24 20 110 152 31 154 118 142 131 158 113 117 21 43 138 126 17 6 157 23 185 182 55 190 65 180 191 59 170 81 97 199 61 106 181 100 76 196 67 205 94 58 54 161 69 175 192 200 74 174 186 107 95 56 208 176 203 206 85 86 72 212 68 103 183 57 198 188 52 70 80 99 82 160 84 213 163 
109 24 38 123 132 136 36 28 152 25 122 1 146 16 143 13 144 120 124 29 114 111 6 50 131 42 139 8 154 46 128 159 18 134 155 4 19 7 115 31 147 51 11 3 33 112 157 130 49 149 43 39 94 100 59 186 76 72 166 200 194 92 178 162 175 206 182 207 81 99 204 86 80 165 97 103 209 201 83 88 179 180 164 160 184 98 57 163 208 161 190 68 205 102 211 54 176 174 56 106 193 171 108 79 66 70 170 198 177 
48 140 49 130 23 116 138 111 132 26 16 33 27 5 125 13 156 121 147 6 40 28 145 36 9 46 150 141 0 158 110 112 135 133 149 154 11 137 157 51 17 129 152 50 14 127 35 151 45 109 24 43 193 213 55 85 191 190 98 185 61 101 79 182 211 164 173 60 66 178 97 189 180 204 78 108 95 96 58 62 67 56 107 209 174 195 65 104 162 52 181 208 73 99 94 168 72 199 92 194 84 82 87 86 184 170 71 197 176 
40 51 127 6 109 153 21 133 123 44 41 151 143 159 42 158 118 131 23 37 2 0 11 50 43 29 132 156 10 38 19 35 32 3 120 137 20 30 14 12 110 134 119 28 150 13 155 36 1 31 122 34 183 58 83 59 177 81 190 186 105 85 65 62 168 180 76 57 103 203 205 90 166 107 188 87 108 80 206 191 202 175 95 195 211 104 198 197 169 75 68 167 52 182 66 160 209 212 194 171 199 78 173 207 165 77 54 208 101 
121 22 25 17 151 37 141 32 36 20 144 34 51 47 27 110 111 23 142 44 158 136 128 35 132 125 31 137 7 9 150 14 129 43 8 15 116 46 115 49 155 113 120 29 149 5 134 157 139 130 39 122 160 162 179 163 205 71 58 190 208 90 184 83 170 172 63 53 206 169 77 72 211 165 65 78 56 167 100 64 194 168 75 210 81 173 60 193 70 66 178 175 183 54 176 166 191 76 182 91 105 98 93 197 97 171 67 88 198 
140 17 144 119 36 138 148 127 6 125 126 46 158 25 8 11 30 149 112 31 34 19 136 133 47 147 13 118 151 50 41 115 157 38 33 51 135 137 131 113 12 39 21 134 1 132 152 32 29 16 143 114 80 170 199 88 85 201 205 166 181 72 163 107 103 178 203 91 65 202 192 198 69 87 179 195 59 82 209 171 168 197 194 208 98 173 97 92 100 78 79 108 191 52 200 53 167 105 60 190 161 180 177 212 211 185 96 76 68 
49 133 28 132 7 9 32 129 46 158 113 31 156 0 145 21 13 125 112 51 29 154 39 6 20 120 22 25 40 134 140 128 126 38 5 48 124 147 12 43 159 47 117 122 152 114 3 121 42 135 26 30 181 205 65 84 82 175 188 179 83 55 60 209 101 204 80 103 89 81 59 86 88 201 189 93 195 178 78 186 180 77 171 206 108 87 208 169 191 194 73 90 72 52 96 85 167 64 177 69 170 212 99 107 79 197 54 174 163 
0 11 29 24 9 140 111 149 6 5 37 148 25 35 155 7 157 110 115 51 43 122 27 138 156 17 117 116 147 129 132 26 124 134 42 2 120 21 151 15 145 41 19 31 28 144 153 136 47 14 119 146 108 193 210 173 66 79 89 171 191 208 61 95 196 74 187 181 62 209 54 101 168 165 203 104 106 172 88 205 161 97 81 180 68 90 162 59 190 70 188 96 179 102 64 186 73 100 167 174 189 183 58 94 182 212 178 201 202 
7 148 141 135 11 19 36 159 37 156 133 128 140 157 39 16 126 127 120 121 142 123 45 136 51 116 146 129 28 143 23 42 152 3 27 49 15 18 50 132 122 139 130 144 9 6 0 109 113 22 112 117 85 173 193 96 177 191 82 69 179 204 62 71 74 181 90 55 213 76 68 180 99 103 88 89 212 80 83 97 164 67 52 176 64 53 91 192 210 172 206 87 94 58 72 169 174 98 161 70 166 160 211 182 195 73 92 102 66 
