-1 -1 -1 -1 -1 -1 -1 -1 -1 -1 -1 -1 -1 -1 -1 -1 -1 -1 -1 -1 -1 -1 -1 -1 -1 -1 -1 -1 -1 -1 -1 -1 -1 -1 -1 -1 -1 -1 -1 -1 -1 -1 -1 -1 -1 -1 -1 -1 -1 -1 -1 -1 -1 -1 -1 -1 -1 -1 -1 -1 -1 -1 -1 -1 -1 -1 -1 -1 -1 -1 -1 -1 -1 -1 -1 -1 -1 -1 -1 -1 -1 -1 -1 -1 -1 -1 -1 -1 -1 -1 -1 -1 -1 -1 -1 -1 -1 -1 -1 -1 -1 -1 -1 -1 -1 -1 -1 -1 -1 -1 -1 -1 -1 -1 -1 -1 -1 -1 -1 -1 -1 -1 -1 -1 -1 -1 -1 -1 -1 -1 -1 -1 -1 -1 -1 -1 -1 -1 -1 -1 -1 -1 -1 -1 -1 -1 -1 -1 -1 -1 -1 -1 -1 -1 -1 
165 192 304 154 388 20 460 198 151 456 158 162 206 197 290 313 346 170 132 68 148 201 187 327 21 422 195 292 1 317 404 321 202 52 365 137 141 25 325 96 105 430 67 121 110 379 49 461 352 74 94 364 394 279 462 222 381 34 150 324 138 6 331 76 108 9 383 402 114 283 135 294 181 353 416 301 458 104 102 178 391 32 120 234 82 200 291 175 134 51 27 95 182 387 146 362 263 459 285 10 248 270 112 79 78 343 288 159 164 340 259 215 334 42 224 217 384 109 46 143 176 75 17 455 188 8 376 439 139 438 238 298 410 297 0 199 62 83 133 275 417 286 372 368 360 338 58 64 16 88 99 92 403 244 420 
366 228 212 304 385 123 206 412 408 313 421 198 174 158 359 119 151 144 327 330 132 121 21 364 184 52 302 195 374 38 145 105 379 240 94 137 347 130 418 148 348 14 201 49 26 226 110 398 399 446 442 352 172 97 200 369 391 283 82 351 273 35 37 344 43 381 32 230 235 289 262 353 73 171 34 76 383 208 406 104 234 269 115 319 149 60 169 159 457 306 106 164 176 291 253 205 156 131 373 280 354 270 441 5 263 409 278 387 143 46 10 435 112 175 140 75 309 377 217 78 334 328 318 216 434 209 255 415 196 218 432 368 57 439 44 360 0 233 256 350 417 4 357 452 92 295 312 17 448 99 19 88 315 451 116 
293 41 345 152 456 239 158 453 227 313 170 241 355 460 380 449 411 385 379 276 173 121 347 96 348 166 67 226 202 191 74 400 141 327 86 401 94 321 352 317 111 332 201 211 397 14 386 240 49 93 130 430 250 35 277 353 281 423 331 232 235 324 289 155 310 333 150 246 45 120 222 272 416 73 358 294 101 76 301 319 135 115 407 262 34 114 70 308 268 271 51 384 182 95 377 253 459 146 143 362 425 5 160 100 124 296 107 177 309 435 243 31 263 270 444 320 274 55 328 217 169 118 256 395 80 188 58 61 438 360 196 368 44 183 414 403 266 315 451 415 133 356 322 275 433 83 286 238 99 92 139 231 439 357 216 
157 405 23 227 355 24 152 456 251 359 154 388 440 241 162 91 228 313 317 426 14 148 342 292 137 110 141 399 187 327 1 422 386 132 74 201 211 191 49 214 203 461 163 66 365 430 400 267 302 52 111 96 281 458 369 279 149 104 310 222 120 252 349 45 392 35 269 351 76 246 208 331 108 234 383 138 319 305 416 34 73 18 135 301 37 344 10 136 217 146 107 340 249 437 263 13 387 112 270 70 258 444 425 194 59 205 248 253 225 27 215 343 156 389 159 309 39 168 147 78 354 303 336 326 92 223 238 44 199 221 255 188 368 318 419 254 125 183 287 33 244 58 64 62 256 22 57 209 295 83 432 99 376 266 370 
207 450 329 228 293 454 23 388 54 460 366 346 144 313 212 7 380 227 264 71 426 74 132 317 404 247 94 28 184 342 226 163 240 103 145 398 25 397 14 87 292 1 148 276 427 422 187 365 185 50 332 442 281 462 294 47 310 393 265 18 406 316 115 208 104 45 277 73 135 53 222 3 369 252 319 283 102 15 6 391 172 108 181 402 429 32 167 147 457 270 384 259 182 194 303 435 354 424 225 258 309 146 271 459 78 160 100 425 377 215 308 159 437 95 389 55 118 175 169 134 409 362 414 295 183 314 0 81 420 432 255 61 221 139 434 57 133 326 189 80 99 298 233 238 451 322 116 448 297 83 125 11 40 287 357 
158 323 206 180 144 220 54 193 453 154 405 241 359 440 212 152 170 192 260 401 364 418 264 382 442 111 211 49 67 14 267 427 332 201 185 52 325 87 379 203 195 399 378 327 190 400 386 404 398 71 148 141 171 272 429 262 102 204 32 120 252 101 265 331 76 135 407 34 392 269 138 250 208 324 9 149 43 45 37 53 381 319 333 15 115 283 288 46 271 89 118 182 79 424 39 340 5 217 78 164 441 167 437 2 285 278 343 175 27 146 308 459 177 159 259 387 169 457 375 384 362 127 307 36 233 420 318 72 40 286 357 367 210 314 336 58 83 443 33 326 231 415 451 142 255 81 275 85 199 88 126 315 254 0 196 
299 447 411 405 449 341 408 144 198 91 220 293 239 7 154 345 436 197 427 52 103 214 211 364 187 446 93 276 404 226 396 137 153 327 185 87 260 66 86 330 141 386 50 203 378 74 111 1 110 148 67 332 316 47 462 76 358 18 429 281 235 77 232 9 391 383 155 230 272 129 181 208 351 265 344 236 200 3 34 393 407 69 37 392 6 331 263 13 270 377 140 328 113 106 89 78 409 354 441 437 268 168 278 109 182 288 65 134 169 5 70 143 387 42 309 457 100 259 147 337 373 27 209 282 116 357 81 420 261 57 44 455 338 254 360 315 295 376 186 213 368 188 218 451 142 448 318 0 92 443 312 231 139 122 183 
198 431 227 206 345 7 152 408 220 290 366 174 405 23 170 54 313 219 292 148 418 86 25 332 422 110 325 21 342 68 260 247 29 38 173 87 267 257 1 26 187 430 74 105 202 94 398 399 378 28 50 130 76 6 324 429 383 252 82 128 353 102 135 301 319 69 3 9 235 77 73 305 416 149 406 265 246 381 45 47 32 407 101 331 245 294 437 280 176 13 107 10 296 134 306 205 263 249 377 70 303 340 147 78 177 160 194 308 248 320 5 444 112 337 311 39 79 42 361 65 375 328 282 88 372 133 72 433 199 261 92 0 209 4 44 233 22 452 307 339 312 216 223 57 85 322 357 122 83 80 99 255 403 16 350 
162 371 335 20 323 84 405 152 174 220 346 117 251 341 198 197 228 119 187 401 325 226 378 267 145 121 130 442 332 364 190 74 400 94 111 379 52 327 166 214 48 202 260 87 386 153 185 66 264 25 422 49 149 150 204 47 394 305 277 351 234 381 208 331 310 97 369 69 73 32 333 6 76 222 129 281 34 135 37 102 179 18 383 273 358 60 253 377 55 217 362 291 131 63 361 373 147 424 205 444 5 274 194 263 309 242 146 75 387 270 65 441 106 437 271 225 311 175 343 124 136 159 261 432 188 417 210 254 256 33 218 233 85 357 213 12 116 295 209 443 133 83 367 356 125 126 326 231 11 275 315 372 22 413 336 
366 207 174 323 388 162 152 390 304 241 198 98 180 428 290 431 144 371 257 332 203 401 302 317 21 14 342 260 148 38 195 418 426 276 67 190 300 25 325 399 49 111 364 141 68 66 166 382 247 267 86 430 101 402 349 150 37 76 32 281 237 3 138 250 269 172 181 331 236 358 102 407 423 47 319 246 394 406 200 383 289 56 462 120 316 324 424 249 343 444 409 308 39 217 285 63 112 136 435 224 46 437 205 194 147 377 164 127 340 13 5 459 100 215 362 59 457 311 270 288 375 306 218 22 256 92 413 339 357 72 451 64 183 255 231 238 125 0 133 275 448 199 415 12 443 186 410 282 244 261 16 367 4 254 8 
161 154 450 460 345 193 20 346 152 440 228 304 165 170 329 151 7 158 260 404 330 163 191 26 321 317 352 105 240 71 25 66 87 325 148 49 378 229 166 74 68 211 28 14 276 332 145 132 48 38 184 418 120 237 353 82 277 310 429 47 230 333 358 232 245 208 406 283 6 172 394 178 138 262 77 246 235 43 250 179 381 114 402 279 281 181 409 361 248 306 288 59 444 131 168 387 340 459 63 377 118 156 309 278 457 39 328 167 107 42 65 225 425 435 79 375 291 2 169 143 303 263 286 415 434 44 314 186 350 16 307 189 62 209 419 318 455 315 196 11 395 339 287 199 443 116 125 275 88 81 40 413 92 410 376 
304 123 239 198 219 450 411 91 228 251 456 20 299 144 341 359 207 421 86 87 148 325 399 292 327 461 352 163 276 202 430 110 166 427 342 203 94 378 400 103 382 364 302 38 211 422 195 418 240 187 130 48 245 77 462 60 171 120 128 324 369 283 53 281 114 155 232 289 150 236 279 394 172 37 301 32 262 319 76 3 69 353 294 129 351 402 112 457 243 361 136 70 387 100 354 291 274 39 134 258 242 437 159 79 309 225 259 13 334 78 343 118 425 320 95 27 308 280 2 248 373 131 339 11 443 186 8 356 451 275 223 376 142 92 99 370 61 19 403 410 419 287 17 88 72 322 122 233 125 350 81 336 266 80 209 
405 24 385 421 290 380 447 227 144 440 174 119 20 431 220 460 371 154 382 67 229 121 397 49 396 111 332 86 398 71 195 461 190 185 184 330 240 342 418 52 66 25 103 26 257 110 28 50 422 365 264 426 45 407 269 406 149 429 76 104 416 369 37 172 171 262 32 138 289 383 3 9 402 305 128 349 56 101 69 47 273 393 458 324 35 301 217 409 79 288 175 306 215 113 164 343 136 459 285 278 274 46 225 107 78 194 303 182 224 373 375 106 13 296 2 320 143 176 270 334 424 377 357 19 419 238 221 196 376 368 318 370 275 0 125 451 434 295 420 199 443 356 403 282 83 99 22 44 433 213 189 183 8 233 209 
117 239 411 445 449 304 408 346 98 447 390 251 454 30 119 290 355 371 397 103 94 321 418 121 145 191 276 29 347 317 365 400 111 399 364 352 141 185 38 148 260 187 67 446 1 195 96 211 292 21 25 426 101 358 237 204 200 232 416 383 104 393 56 277 273 349 294 53 97 391 392 82 310 222 458 102 6 135 34 252 178 265 9 77 406 73 182 253 167 70 362 127 89 296 55 107 248 215 147 39 435 441 159 113 118 169 109 124 217 79 387 134 425 63 243 424 112 100 263 249 31 354 81 439 209 99 142 12 314 360 315 433 266 326 216 312 434 307 33 367 11 238 403 88 415 438 419 455 57 133 322 72 126 275 318 
220 411 323 359 154 158 90 447 355 421 84 161 390 313 366 460 174 144 110 302 418 422 86 26 426 29 397 130 166 325 347 66 184 111 48 202 264 52 190 364 191 260 14 229 247 74 50 292 103 201 365 173 283 235 18 204 393 402 429 34 150 331 32 391 104 349 305 108 358 3 47 423 272 416 236 234 179 77 82 406 252 181 102 289 246 310 308 248 159 177 70 459 164 112 215 296 59 109 31 78 75 343 136 441 168 106 127 309 194 354 258 389 205 176 156 10 55 124 285 373 278 79 326 244 231 286 339 210 434 133 99 452 261 183 88 188 307 80 223 33 414 83 22 420 125 0 4 186 350 64 58 12 297 255 417 
20 345 408 197 359 460 165 304 119 456 144 293 290 192 91 162 323 421 48 267 446 398 94 260 93 321 38 190 247 202 29 191 352 163 203 327 426 400 342 28 427 21 103 378 347 214 382 50 87 379 374 348 246 394 128 34 104 108 115 15 97 252 45 381 53 230 32 73 283 232 316 76 281 47 272 416 250 305 289 77 236 82 423 331 138 171 328 435 31 78 309 134 285 337 106 140 118 42 457 89 55 437 258 95 263 13 147 424 271 46 160 70 75 156 112 268 159 27 136 334 182 194 218 326 186 233 261 36 81 452 318 368 58 72 4 297 33 307 210 256 376 80 126 434 338 339 139 403 216 16 372 415 417 199 254 
228 456 436 170 144 162 447 84 388 390 20 158 385 24 23 227 192 454 145 148 267 342 442 352 330 201 430 52 105 26 25 399 386 163 87 426 103 173 202 71 28 130 364 229 382 379 317 86 96 49 378 327 200 458 3 236 101 462 383 76 331 301 279 246 262 181 172 305 43 60 252 358 135 129 319 114 237 406 47 394 310 37 265 316 32 6 51 194 457 311 75 113 361 5 63 215 112 343 263 134 146 168 306 308 78 55 259 328 377 182 95 243 224 253 373 409 27 340 278 424 437 441 295 286 261 216 61 368 186 218 64 33 370 315 36 62 420 0 314 417 256 376 367 88 350 339 434 307 443 16 287 231 199 395 221 
405 323 198 447 449 228 154 363 436 98 453 388 346 161 385 54 239 165 365 52 300 430 190 364 229 214 267 48 202 87 302 211 386 28 418 352 201 195 325 397 264 141 105 94 378 185 347 121 49 163 153 38 34 234 277 265 129 301 115 77 305 237 101 230 178 32 150 245 56 429 283 47 6 402 344 200 462 97 393 108 179 250 171 69 351 289 288 258 39 225 113 217 134 268 362 159 311 308 118 59 51 156 169 248 124 337 175 263 424 437 42 75 136 131 146 160 409 354 328 444 176 361 338 413 210 339 213 223 33 356 196 255 125 367 36 57 376 417 64 233 189 298 432 139 370 183 282 88 209 410 133 216 326 451 275 
440 24 335 380 299 405 158 162 206 170 152 323 192 23 239 227 41 174 191 379 332 141 29 211 66 264 352 426 267 257 327 398 378 365 190 396 103 386 321 86 184 68 187 132 247 302 153 185 203 292 260 418 200 102 120 429 407 305 252 208 333 394 114 97 149 230 18 246 178 351 15 3 402 69 34 245 237 236 406 171 135 381 73 331 108 324 59 311 46 271 243 177 340 140 42 285 334 124 106 109 79 389 377 10 248 51 205 309 215 253 274 75 95 169 361 118 182 268 362 375 127 437 213 448 295 357 125 410 455 139 12 16 314 4 336 186 452 261 196 368 8 376 19 85 221 72 403 233 189 322 223 372 282 367 0 
7 198 24 154 119 335 304 123 371 453 359 449 84 380 151 436 284 212 422 247 148 418 332 442 386 86 25 94 195 121 365 404 68 348 105 66 29 382 427 21 240 378 74 96 211 190 302 202 1 321 93 26 138 279 69 283 416 102 56 104 208 358 222 200 235 324 230 250 60 232 179 82 316 108 101 245 155 234 305 351 458 35 129 77 181 393 140 5 271 258 268 285 164 79 270 215 425 377 143 55 89 13 457 288 146 248 118 168 308 259 194 249 112 296 42 334 384 373 109 182 343 278 142 85 376 443 83 57 126 223 61 99 58 22 210 275 415 40 312 357 213 209 238 255 125 244 199 188 419 189 72 438 414 403 287 
123 440 165 436 388 299 228 380 241 7 366 192 421 41 341 412 157 197 226 264 86 211 173 203 404 48 74 130 52 400 184 110 240 317 153 430 132 1 166 461 202 49 148 87 21 382 67 105 342 332 201 94 369 391 47 69 262 43 349 407 32 149 301 230 381 76 45 237 208 35 250 73 423 281 277 316 272 392 279 458 333 305 97 204 393 9 205 311 5 444 109 268 46 296 224 248 278 59 409 13 340 164 375 457 303 55 308 159 384 79 127 373 217 309 285 280 435 39 437 263 168 343 376 199 415 295 451 22 356 314 221 315 216 452 133 36 209 372 286 438 189 455 395 4 125 19 275 88 80 420 350 432 367 261 368 
385 304 355 151 449 198 335 123 23 220 152 445 98 206 453 380 405 157 461 342 226 404 87 430 302 184 211 400 185 153 229 86 378 68 74 187 203 49 71 321 50 52 93 382 396 397 201 141 418 317 374 103 236 222 9 32 155 324 349 429 172 129 458 178 69 149 35 47 200 97 250 305 101 393 120 273 269 289 319 316 138 128 245 234 56 53 160 112 109 136 51 225 127 263 288 249 5 409 217 242 167 113 334 271 362 340 311 389 95 42 459 65 168 328 457 2 107 177 118 387 39 258 372 238 336 36 72 356 410 139 199 350 142 83 275 231 395 438 419 420 196 439 307 326 295 64 88 40 216 189 122 417 403 338 414 
460 421 198 165 359 385 170 431 24 453 174 119 180 41 161 197 329 151 348 190 378 166 257 130 399 66 400 103 364 93 374 396 105 26 276 226 382 25 49 418 203 365 148 264 342 211 317 14 132 461 28 141 73 101 283 273 56 115 15 53 43 316 310 236 181 265 230 179 235 301 18 6 76 392 246 406 289 129 155 108 32 77 35 222 279 344 168 424 39 384 271 303 309 143 95 459 387 362 375 249 124 2 425 5 42 285 106 194 13 291 89 205 175 354 242 441 274 112 182 136 75 225 221 72 126 287 17 142 36 376 434 99 189 199 297 4 451 22 186 439 420 403 415 213 360 80 336 315 0 223 12 233 44 286 209 
421 197 380 366 323 90 241 154 151 431 304 119 449 371 239 7 293 227 461 190 226 386 401 446 378 173 330 49 153 325 422 418 321 148 352 74 300 267 137 195 21 111 185 132 29 430 426 396 332 163 25 214 458 429 353 34 35 237 32 344 331 333 18 279 129 294 283 179 269 423 135 252 316 108 77 150 204 222 178 407 69 281 181 358 289 393 225 343 55 10 31 146 375 309 134 42 296 311 424 160 27 136 278 248 215 409 270 387 70 242 164 243 177 288 340 109 457 147 63 459 303 118 244 62 420 275 298 122 448 256 414 209 16 368 36 356 92 183 83 231 125 199 433 376 213 322 81 196 315 434 139 336 133 57 410 
456 20 174 161 460 449 119 445 220 388 170 30 7 346 193 198 91 284 38 348 94 321 93 364 325 141 148 398 185 332 191 418 1 379 166 330 226 203 327 153 184 382 264 25 229 342 110 202 399 422 257 130 115 69 269 324 37 120 53 129 273 45 369 458 391 56 3 394 43 279 423 429 236 208 383 171 232 262 406 178 34 331 179 138 310 416 340 2 387 362 274 127 31 334 243 309 217 65 112 215 205 79 39 389 146 306 354 384 444 268 75 176 224 259 51 168 118 288 308 409 194 311 238 336 16 415 307 312 287 221 282 368 326 420 17 125 209 266 297 356 419 88 44 186 233 139 199 434 72 350 367 439 85 231 183 
284 449 158 157 385 408 198 371 447 90 251 165 220 228 346 154 431 450 191 226 190 352 29 21 292 418 141 321 398 426 257 327 86 195 184 26 260 276 38 399 397 67 111 330 96 302 365 379 48 404 50 132 9 351 120 200 353 333 234 204 149 301 458 3 135 97 181 235 104 115 77 406 101 283 172 265 277 392 69 236 407 37 222 129 232 281 441 107 39 27 253 95 274 320 124 224 457 140 215 106 169 46 285 147 134 437 459 113 2 131 31 362 168 375 127 444 303 387 340 164 78 424 139 216 370 210 298 80 266 410 62 17 83 414 12 368 438 189 33 238 255 44 350 72 254 339 57 116 452 8 4 434 439 85 213 
98 428 323 380 313 91 371 180 411 335 363 390 460 449 154 206 197 341 404 461 330 96 398 382 396 379 86 87 348 247 317 187 267 300 302 103 137 191 430 276 399 21 132 49 68 352 364 201 257 211 386 184 179 272 283 394 35 104 279 114 245 344 301 76 349 43 120 73 462 416 406 235 289 246 331 358 172 383 252 273 250 265 155 82 150 234 259 248 168 343 5 224 354 291 13 361 31 311 258 70 409 271 136 340 160 59 78 39 424 2 435 217 425 328 459 106 100 95 194 268 164 278 92 61 213 417 223 99 376 88 8 326 83 209 286 58 451 199 322 183 80 116 139 44 315 297 218 314 244 448 19 410 434 64 254 
251 460 151 428 192 290 445 197 117 180 158 329 293 212 431 227 241 421 121 87 49 226 203 94 68 364 52 418 173 397 365 317 71 426 446 96 163 74 330 461 378 132 342 187 166 300 404 66 141 110 103 327 391 82 273 289 18 56 73 262 150 423 128 181 200 353 15 351 32 246 458 283 69 35 319 9 37 108 204 138 381 277 250 3 179 305 285 27 156 167 377 63 248 340 308 387 309 384 113 55 159 109 217 225 409 89 288 31 10 51 258 194 270 457 271 100 182 243 249 320 253 334 8 58 336 261 216 433 339 209 420 233 11 448 367 266 221 376 414 189 275 307 92 350 410 19 139 99 22 133 318 298 196 282 372 
431 161 228 23 151 212 408 436 428 341 412 390 345 154 290 251 192 157 96 48 300 190 442 166 67 347 427 317 348 71 276 148 52 141 1 184 418 247 132 28 321 94 226 185 398 195 352 461 21 426 229 292 104 236 34 3 269 172 204 47 230 245 277 301 310 324 115 237 281 138 82 319 181 344 392 262 406 60 458 289 73 272 155 102 235 15 409 387 118 79 112 425 384 457 205 136 55 328 124 146 65 340 303 320 160 274 176 143 280 63 75 39 437 263 194 243 334 337 89 10 13 311 356 213 414 433 336 357 12 395 439 142 83 318 443 233 297 420 81 221 209 434 19 372 360 189 4 11 64 368 451 338 72 410 287 
