-1 -1 -1 -1 -1 -1 -1 -1 -1 -1 -1 -1 -1 -1 -1 -1 -1 -1 -1 -1 -1 -1 -1 -1 -1 -1 -1 -1 -1 -1 -1 -1 -1 -1 -1 -1 -1 -1 -1 -1 -1 -1 -1 -1 -1 -1 -1 -1 -1 -1 -1 -1 -1 -1 -1 -1 -1 -1 -1 -1 -1 -1 -1 -1 
57 123 11 12 10 60 27 82 52 125 35 0 64 41 39 77 46 71 120 79 118 108 117 40 1 58 31 124 112 96 76 98 26 102 22 53 3 69 67 111 122 55 104 19 21 66 33 61 110 90 126 92 38 28 45 25 75 100 51 9 13 8 18 49 
120 123 35 118 32 39 53 88 101 30 42 91 7 115 109 67 93 20 98 69 59 23 103 31 37 68 50 82 15 4 96 94 60 63 44 11 0 125 108 116 75 18 85 111 114 38 127 14 92 19 106 119 73 25 33 28 66 90 100 86 80 51 84 56 
60 20 79 35 26 63 1 36 53 37 59 52 113 3 50 91 120 69 124 32 41 96 58 23 40 94 10 17 115 82 93 76 71 44 97 29 68 88 81 66 92 73 126 48 72 80 85 2 43 45 121 21 51 56 74 90 62 33 9 89 14 5 28 116 
96 103 93 71 7 57 65 77 46 1 109 107 11 105 115 29 94 112 58 15 23 52 0 22 123 60 76 97 12 20 53 24 63 69 50 91 6 70 87 73 104 33 84 5 8 16 99 66 89 80 9 74 85 47 122 119 14 114 62 78 100 18 56 126 
94 46 67 102 30 44 31 112 3 42 96 83 26 81 39 120 58 65 40 113 69 24 97 79 22 87 115 50 63 103 108 57 54 35 109 20 68 7 6 34 74 16 119 14 19 66 45 114 62 78 121 106 8 90 55 49 51 89 84 85 116 126 110 127 
123 107 6 57 117 109 54 87 20 39 101 65 4 46 115 82 52 103 113 69 112 23 26 125 17 64 68 15 83 60 27 37 29 22 63 95 32 102 41 116 66 99 62 25 80 34 38 126 33 114 19 2 122 47 9 28 21 18 73 127 43 16 89 72 
68 93 6 60 96 35 113 88 108 42 36 97 70 125 32 64 87 46 29 7 10 95 115 107 52 37 109 124 105 101 120 71 69 26 44 53 1 83 15 73 127 61 80 16 114 75 51 28 106 66 62 74 48 86 34 14 43 2 25 47 119 72 13 45 
120 15 79 101 76 29 35 124 77 54 69 95 112 63 3 7 39 88 108 12 107 27 20 96 98 117 22 10 30 11 42 50 65 52 91 0 123 32 36 116 55 56 13 45 73 99 78 80 9 47 90 126 28 14 61 119 34 49 43 122 62 84 38 89 
93 103 77 7 81 68 65 52 0 44 95 124 42 3 101 6 4 83 20 22 46 87 125 108 37 82 88 117 23 29 98 102 64 67 50 41 70 60 54 56 126 14 62 33 5 43 116 74 48 127 111 90 13 47 121 28 9 99 21 51 75 84 89 25 
46 17 71 118 97 91 103 59 81 69 24 124 117 4 82 53 96 31 67 57 3 26 93 83 35 108 41 20 98 102 54 115 36 112 120 1 6 107 42 110 86 92 85 104 2 111 99 18 84 73 33 25 51 119 61 13 47 28 45 56 62 126 66 34 
54 23 91 112 69 57 108 20 30 29 0 32 98 103 79 123 31 1 15 124 10 88 36 12 7 50 107 93 37 83 118 60 95 109 24 42 120 3 81 111 121 14 116 49 84 5 28 99 19 73 38 56 66 127 80 72 92 104 114 13 126 100 122 34 
112 65 50 76 120 103 30 67 117 54 4 44 36 64 32 96 10 37 1 31 53 27 113 95 39 77 91 108 118 98 79 23 83 29 115 26 81 59 97 74 5 99 45 28 21 90 73 8 72 92 55 116 2 100 47 78 14 111 86 80 62 114 16 18 
76 87 68 29 54 118 81 94 40 39 107 1 64 58 26 22 95 120 4 42 59 98 30 0 12 10 77 113 103 102 35 83 67 32 60 105 41 125 115 100 5 33 104 78 14 86 89 51 9 126 122 72 19 8 74 92 75 38 61 16 90 106 111 116 
91 81 31 0 65 67 69 82 15 41 35 17 71 10 59 40 60 42 24 96 109 115 46 70 11 52 77 50 125 118 1 88 101 20 54 63 39 120 27 110 90 84 56 86 18 85 33 13 75 127 74 114 34 121 8 14 21 100 9 43 61 47 62 25 
22 60 7 115 20 125 97 120 54 79 3 103 64 70 81 118 37 95 35 124 11 40 108 98 68 39 77 6 4 57 52 30 50 69 63 102 105 76 0 116 121 14 100 5 55 72 106 25 16 92 49 19 18 111 61 90 85 28 104 34 99 38 33 21 
107 98 6 118 57 46 123 125 79 52 53 97 24 108 36 109 68 64 32 120 124 60 4 76 87 102 65 105 59 117 63 1 67 54 71 31 101 15 20 25 85 72 56 51 62 8 55 18 14 2 48 110 43 75 9 49 90 5 92 89 121 16 104 73 
32 29 101 102 98 109 30 26 112 64 69 87 125 63 3 0 103 36 59 12 76 40 27 93 11 65 68 81 108 10 50 70 94 117 35 15 95 42 37 75 80 104 5 78 90 38 111 84 62 19 25 55 126 61 116 119 2 33 47 43 86 9 16 21 
103 112 41 64 29 35 109 76 105 97 54 68 94 120 44 117 95 46 40 82 36 50 96 6 123 53 77 20 60 69 12 88 39 42 58 4 107 22 7 47 34 38 116 5 21 51 25 61 111 55 119 106 8 104 75 110 78 45 85 9 100 13 73 33 
31 26 115 10 4 123 113 15 71 83 57 98 118 27 20 103 30 54 52 22 6 53 23 109 69 3 124 24 11 64 82 7 105 107 65 108 42 46 44 62 114 38 18 28 34 99 86 85 56 51 9 127 119 111 75 2 78 21 80 5 47 100 25 33 
3 10 11 37 63 52 91 88 50 97 95 68 60 87 125 20 124 107 109 117 94 39 101 40 67 46 6 12 71 123 76 27 0 32 70 96 105 81 77 74 110 48 43 78 34 72 116 73 47 2 38 84 122 80 25 121 104 14 86 85 8 19 90 16 
124 94 6 39 97 36 79 95 123 0 105 32 87 107 23 91 64 50 117 68 40 82 93 67 98 54 70 20 26 1 7 22 3 102 11 103 52 35 37 90 80 78 18 126 75 47 9 25 73 66 43 61 86 92 13 62 21 45 14 5 85 122 100 16 
83 102 29 65 54 44 124 115 93 70 107 36 17 4 35 26 39 7 105 79 32 113 20 71 50 109 118 23 58 117 27 40 59 123 1 57 98 95 10 5 49 74 55 78 66 121 111 90 25 84 47 43 80 126 56 104 99 13 51 28 106 18 127 21 
46 36 71 107 60 102 91 44 105 108 31 98 22 58 11 23 24 35 42 59 37 97 87 115 70 88 112 27 40 30 67 82 96 63 109 12 103 39 65 18 43 2 121 13 33 86 119 100 51 89 84 21 85 48 104 56 55 72 73 19 66 111 8 126 
123 35 97 57 79 103 37 24 76 95 87 10 102 52 105 94 120 115 93 11 50 70 40 20 31 107 71 113 1 39 65 101 98 118 68 82 67 32 3 121 119 127 78 89 19 2 61 122 47 110 21 16 49 116 8 74 28 66 75 34 104 45 84 9 
120 67 124 64 27 76 117 10 52 17 46 12 39 57 15 125 54 26 35 105 96 20 94 32 4 88 22 87 40 42 103 69 79 58 7 102 24 0 115 89 104 34 25 2 74 111 62 126 47 100 16 114 56 14 28 45 5 49 13 19 21 38 78 99 
71 4 32 103 3 59 94 40 65 29 108 30 101 42 115 69 27 22 102 20 117 44 113 50 81 68 53 26 17 6 39 70 1 41 82 77 57 37 107 14 78 122 86 66 18 74 43 13 119 16 121 110 56 90 38 61 73 92 100 85 106 21 2 9 
102 124 64 118 91 58 11 60 101 27 42 23 36 20 31 77 54 1 120 117 40 87 107 65 105 52 59 44 69 125 17 6 4 46 115 81 109 71 30 85 21 110 126 80 51 86 75 16 33 56 45 73 106 99 100 72 104 5 111 43 25 34 48 121 
98 64 70 11 107 82 125 23 1 96 40 68 76 94 77 35 6 29 117 10 58 103 54 91 81 109 36 95 53 124 101 26 120 31 69 87 27 67 50 55 61 127 114 121 43 45 110 100 14 106 28 90 48 38 21 92 119 2 47 74 116 78 34 66 
88 27 71 57 109 15 65 112 107 118 11 32 108 64 101 59 3 10 42 37 58 94 77 124 63 0 125 69 103 50 82 93 81 36 41 79 31 53 24 45 14 126 72 38 80 99 90 5 111 78 48 100 21 84 49 62 28 19 9 119 92 2 122 56 
