-1 -1 -1 -1 -1 -1 -1 -1 -1 -1 -1 -1 -1 -1 -1 -1 -1 -1 -1 -1 -1 -1 -1 -1 -1 -1 -1 -1 -1 -1 -1 -1 -1 -1 -1 -1 -1 -1 -1 -1 
102 90 64 10 66 103 46 9 85 97 49 106 6 60 44 79 11 41 65 76 21 39 38 150 155 123 131 134 37 153 141 118 147 132 120 110 140 121 20 36 
45 103 18 5 1 108 78 17 57 66 6 81 65 91 97 12 73 92 99 68 125 155 116 143 156 111 145 115 149 117 132 33 114 157 22 112 26 153 122 21 
53 93 19 81 80 43 49 103 17 16 7 104 79 71 100 3 11 40 8 9 144 133 115 126 30 23 147 122 22 111 128 117 149 152 150 134 143 148 28 24 
89 63 51 54 52 2 17 42 13 57 16 68 3 92 19 98 58 45 14 44 148 144 149 29 120 117 34 20 151 139 134 25 124 111 143 115 31 113 157 125 
16 2 95 63 87 72 48 107 83 96 85 4 64 75 66 44 108 84 82 105 118 139 131 121 137 29 38 20 35 37 126 115 150 116 144 124 21 24 113 142 
8 108 19 97 83 62 105 56 91 14 16 43 102 71 82 66 78 89 0 17 20 21 22 120 32 33 123 31 153 158 133 27 24 157 126 142 121 150 115 129 
70 58 45 83 19 4 57 2 49 76 51 60 59 48 100 74 85 6 91 62 112 153 118 38 149 24 152 141 127 110 147 115 132 144 121 120 25 137 143 117 
93 61 10 65 84 4 43 95 74 5 8 92 16 105 98 96 15 100 41 107 135 142 141 21 113 25 136 29 120 143 116 37 153 132 34 36 144 157 110 152 
98 12 18 64 105 46 11 42 96 66 75 1 50 99 85 16 82 45 5 9 127 28 155 112 132 143 151 126 39 157 133 115 131 136 123 120 30 125 26 117 
97 75 2 83 68 95 13 7 40 4 16 46 106 15 82 84 6 80 98 8 144 33 130 150 146 137 30 131 29 28 127 155 111 152 22 39 115 21 114 109 
53 83 54 11 79 68 14 8 105 63 101 93 64 66 15 91 73 108 9 103 33 32 121 153 131 110 157 109 143 114 25 127 26 146 119 22 116 133 144 122 
61 54 60 49 45 12 98 71 57 100 63 8 5 107 3 69 6 67 53 104 131 116 28 126 29 142 121 124 140 157 21 127 150 27 137 109 132 32 133 151 
49 11 15 98 93 96 107 3 18 73 104 52 59 5 53 6 83 91 63 70 32 25 35 114 113 138 143 34 142 38 20 152 36 151 134 123 125 128 153 147 
105 77 81 5 93 82 3 94 67 49 76 96 102 45 104 19 6 73 46 86 26 134 152 21 27 31 33 135 129 115 114 119 148 120 133 145 20 23 132 24 
81 53 57 85 9 92 93 106 91 96 13 7 99 80 75 19 98 88 68 86 123 130 143 158 129 21 119 20 112 132 33 116 153 142 38 122 26 128 155 121 
51 41 91 108 2 11 61 58 42 57 59 84 46 13 62 47 99 72 82 88 39 134 112 141 30 154 131 158 121 26 128 114 137 27 143 113 148 124 147 34 
105 72 69 107 85 84 8 80 40 90 59 14 88 47 0 106 41 63 93 98 137 110 135 143 125 149 109 131 117 22 126 35 28 120 20 124 158 150 156 118 
41 11 75 92 40 18 51 46 45 0 78 13 72 14 49 106 8 94 69 73 129 121 132 149 158 39 36 144 154 26 135 139 134 142 120 109 147 143 157 21 
50 57 100 53 0 106 82 67 15 73 40 58 90 1 91 45 108 97 70 60 151 39 157 22 141 133 139 135 148 136 116 125 34 120 145 142 143 155 123 111 
104 71 74 10 92 62 56 78 100 42 60 73 12 18 4 65 16 107 14 68 109 29 34 27 123 157 24 142 132 31 35 36 145 114 113 155 135 147 32 138 
100 43 79 82 57 44 90 102 68 42 7 60 65 92 84 13 108 11 46 16 146 133 137 121 123 140 149 134 155 156 21 135 39 26 24 114 136 118 31 33 
61 78 102 49 80 43 75 62 87 3 96 50 70 15 1 41 92 101 18 8 145 154 126 156 135 149 24 26 31 157 112 132 39 122 115 131 117 32 144 114 
71 1 74 48 99 103 57 50 88 13 80 87 19 85 56 78 3 9 101 75 117 118 134 111 23 155 38 153 138 146 22 156 116 31 123 20 142 29 133 127 
6 76 14 1 4 68 58 93 88 13 63 95 59 104 53 47 98 41 72 17 26 24 148 115 22 110 35 144 132 130 122 125 136 30 28 145 126 25 114 152 
75 95 17 14 42 49 77 87 80 82 69 81 16 6 10 89 74 40 1 102 120 30 148 123 152 157 158 145 25 140 28 125 141 37 126 136 149 39 109 22 
103 100 0 68 8 2 40 86 16 17 101 10 92 1 90 99 41 91 56 18 126 29 130 146 116 134 152 115 119 21 136 131 148 142 125 127 133 145 120 35 
84 102 64 72 71 10 80 14 65 61 51 104 98 45 97 96 46 49 6 8 154 112 155 122 20 119 39 117 128 116 133 136 33 130 156 134 124 29 115 38 
83 93 42 105 86 47 77 67 101 43 90 9 81 68 100 60 7 1 15 69 148 117 153 21 149 33 128 118 147 123 35 150 112 24 133 26 29 27 130 145 
61 52 16 103 9 96 90 1 91 4 14 105 69 88 7 85 73 0 81 17 132 158 152 31 123 129 120 145 130 116 25 128 144 113 23 112 38 22 36 148 
