-1 -1 -1 -1 -1 -1 -1 -1 -1 -1 -1 -1 -1 -1 -1 -1 -1 -1 -1 -1 -1 -1 -1 -1 -1 -1 -1 -1 -1 -1 -1 -1 -1 -1 -1 -1 -1 -1 -1 -1 -1 -1 -1 -1 -1 -1 -1 -1 -1 -1 -1 -1 -1 -1 -1 -1 -1 -1 -1 -1 -1 -1 -1 -1 -1 -1 -1 -1 -1 -1 -1 -1 -1 -1 -1 -1 -1 -1 -1 -1 -1 -1 -1 -1 -1 -1 -1 -1 -1 -1 -1 -1 -1 -1 -1 -1 -1 -1 -1 -1 
141 17 65 468 620 500 335 644 138 464 378 306 177 119 559 114 35 283 359 582 554 248 153 387 125 203 332 223 538 588 593 228 546 439 417 33 401 330 354 233 235 397 86 451 243 343 22 238 244 391 369 365 175 423 567 265 60 204 150 530 210 425 535 157 339 143 251 16 321 192 275 357 358 91 483 540 512 276 345 521 361 520 111 304 430 624 519 568 79 216 572 211 50 327 394 48 5 628 508 292 
516 502 500 529 128 644 202 368 167 559 38 12 255 271 120 126 541 283 296 169 383 30 555 401 127 63 352 417 316 84 493 72 29 588 517 203 601 622 81 231 232 324 204 181 19 618 264 60 649 68 626 579 480 474 22 77 313 144 78 7 370 91 504 639 533 208 460 176 428 180 88 432 311 483 191 55 97 111 592 158 445 281 550 155 364 79 159 489 426 325 508 320 514 89 446 631 394 628 216 195 
644 309 583 431 376 73 132 415 386 124 35 310 499 347 582 82 318 30 183 248 336 505 441 115 609 72 145 303 569 481 548 233 405 131 452 610 633 23 263 230 330 388 422 44 181 317 204 470 239 15 545 244 636 355 392 297 22 45 102 478 284 509 288 149 437 465 192 88 301 321 64 412 349 83 107 155 147 345 240 52 540 57 100 519 520 295 476 219 400 292 266 411 514 315 3 195 236 323 353 434 
202 350 237 600 309 534 497 128 578 464 207 129 528 511 429 359 625 613 75 294 383 53 447 601 496 609 123 63 352 280 152 273 486 493 332 328 81 633 20 507 95 45 226 104 130 608 6 60 140 403 239 558 422 449 346 212 249 435 369 74 360 246 344 209 638 467 473 563 523 509 87 113 457 91 478 637 592 521 154 430 586 341 272 27 184 240 568 166 647 571 146 498 260 438 116 628 137 269 643 514 
602 600 43 525 135 490 9 132 103 359 312 377 120 640 553 599 250 318 259 38 499 383 625 299 406 332 405 33 484 401 481 199 18 127 84 233 231 517 303 622 2 435 391 317 413 175 621 567 470 374 440 395 117 346 372 343 244 42 47 523 311 214 83 437 533 455 279 171 342 338 224 428 360 638 71 174 285 293 489 399 556 598 97 416 445 4 276 281 592 266 631 3 325 260 348 48 320 327 628 92 
525 497 26 620 368 516 600 262 501 518 289 291 188 40 318 429 596 336 177 41 139 310 253 486 115 548 496 517 316 549 609 542 566 633 375 258 622 390 593 232 362 243 480 319 435 313 626 194 636 62 449 392 621 140 68 175 197 22 239 170 87 531 427 274 189 56 433 349 178 523 134 563 530 564 467 281 603 142 341 540 32 174 519 616 190 193 568 329 400 419 89 348 323 560 269 266 50 172 182 46 
26 468 90 326 302 534 490 128 583 82 30 75 554 306 248 105 518 119 599 541 250 464 613 21 401 356 230 145 633 452 252 609 546 131 72 486 507 303 63 610 287 150 413 254 151 391 222 62 14 397 414 403 618 77 407 86 374 480 148 161 564 629 224 398 11 584 170 83 412 455 274 509 71 360 307 27 221 219 196 586 489 521 218 576 512 106 51 184 603 80 323 94 66 112 266 236 488 419 172 92 
602 471 202 309 393 620 43 167 138 306 58 645 456 613 1 606 464 632 384 359 41 289 340 198 81 549 76 316 33 2 452 258 609 496 49 280 524 356 29 303 375 197 626 25 239 590 44 37 450 62 28 179 636 68 414 244 403 47 459 161 563 113 515 275 61 88 107 24 425 11 134 483 176 349 638 586 409 240 57 55 173 293 416 159 142 381 106 385 79 211 367 260 485 269 3 611 454 434 353 292 
620 502 529 500 415 583 278 65 282 505 114 119 35 555 499 625 177 612 296 359 188 291 271 2 524 484 406 507 566 76 85 49 23 328 299 252 542 486 280 408 356 45 374 179 395 104 558 314 160 372 440 286 249 234 317 42 451 407 243 342 639 523 307 536 274 192 91 522 641 209 308 442 61 564 443 577 241 122 206 364 97 341 385 445 568 304 79 637 520 211 572 485 571 80 3 454 532 446 315 216 
54 503 619 600 257 620 516 386 578 447 429 318 541 30 207 247 612 0 183 139 340 384 114 542 481 115 232 231 332 354 472 203 18 601 452 506 546 198 517 330 401 45 374 130 346 480 117 435 140 148 265 365 297 249 19 175 407 545 239 321 437 220 455 428 563 443 533 192 522 224 432 74 342 475 170 592 476 568 616 410 98 385 174 630 240 111 371 281 142 261 182 89 323 454 411 539 446 266 327 50 
26 471 73 502 17 368 635 415 376 53 119 255 165 596 606 93 336 30 625 168 306 296 291 552 84 133 18 352 145 448 29 390 524 258 551 354 49 63 332 164 546 254 150 626 160 264 286 403 317 590 636 372 144 558 104 194 314 435 440 242 11 351 580 487 7 349 360 614 342 522 201 24 279 641 225 491 267 598 185 184 272 586 285 55 166 592 329 155 293 172 116 80 137 353 348 411 92 5 146 3 
415 17 135 583 431 619 578 368 73 213 625 606 420 511 340 247 207 245 229 384 599 513 526 538 408 627 493 223 13 375 49 18 233 623 390 507 406 548 542 29 481 175 404 397 28 413 243 179 86 109 380 389 14 62 102 244 226 104 422 648 83 530 639 307 638 370 284 88 427 641 531 418 363 465 473 276 476 196 489 550 97 494 444 52 98 469 147 462 381 94 498 532 66 5 446 216 527 571 589 454 
534 268 490 594 502 607 141 26 366 336 541 640 213 121 441 429 613 200 291 632 300 310 606 605 356 566 506 549 484 544 538 334 164 610 622 230 588 29 252 551 352 480 558 355 397 222 608 649 474 130 297 197 62 150 19 459 264 324 618 614 638 455 209 251 473 156 342 279 648 504 16 339 242 467 88 494 616 147 489 276 32 400 142 595 106 573 519 333 379 36 539 137 514 116 172 527 269 419 323 292 
290 366 529 500 619 635 262 302 583 229 541 513 574 247 464 596 526 58 0 340 296 585 312 615 20 507 123 405 356 59 280 223 622 569 203 633 270 549 463 81 493 42 144 380 175 649 78 227 480 324 365 226 86 265 450 579 243 391 234 349 64 344 61 460 533 436 149 509 535 67 478 504 189 443 357 272 379 630 341 4 241 333 577 642 556 476 285 371 184 172 66 80 367 485 323 454 514 211 611 260 
43 138 99 135 502 335 583 136 268 30 248 289 591 384 555 596 526 336 378 177 169 511 188 352 623 546 622 280 228 334 256 115 81 328 152 231 506 588 303 484 84 37 19 423 313 108 474 480 649 621 545 226 590 369 144 380 343 346 618 564 210 418 457 61 531 487 614 321 523 311 342 584 39 149 10 55 190 158 341 624 416 272 293 540 154 97 577 364 196 92 571 163 446 539 292 325 236 434 589 411 
65 138 103 471 431 594 366 262 516 120 121 555 597 306 38 229 129 591 553 153 511 188 40 406 332 481 354 21 49 273 256 493 622 228 223 299 623 356 20 506 566 397 388 25 561 403 389 45 313 604 558 42 590 28 470 480 355 317 264 321 298 176 547 220 61 107 16 201 530 360 279 479 24 246 210 576 642 27 79 595 111 101 281 100 272 4 55 276 568 419 327 446 434 163 172 266 628 367 617 94 
501 141 128 471 290 600 366 136 54 378 456 625 555 559 245 310 553 283 38 645 207 114 499 316 401 76 570 198 125 252 85 13 546 280 23 486 131 439 387 123 633 621 14 369 355 45 238 337 423 324 68 37 60 346 22 148 297 226 470 432 467 483 349 178 478 39 180 192 523 339 537 301 321 515 214 272 462 52 381 173 444 166 185 416 147 550 595 70 642 488 438 36 327 628 205 532 454 320 182 434 
497 583 534 335 290 607 103 26 602 58 541 248 613 559 30 245 229 526 505 340 114 625 447 76 517 270 127 198 405 406 228 549 145 387 506 493 610 230 131 29 472 175 317 47 422 25 389 187 150 608 197 604 414 557 140 618 391 346 451 143 418 156 358 398 437 584 180 443 91 565 425 113 433 535 176 399 489 476 293 70 444 329 400 586 241 592 521 285 122 211 163 315 353 146 205 411 611 434 498 438 
534 73 103 500 262 138 578 335 136 464 587 271 585 634 312 310 645 612 229 300 340 402 613 439 164 72 463 328 23 623 330 332 230 546 33 472 21 85 95 448 125 369 313 380 239 60 109 404 62 28 389 459 392 78 222 618 451 407 15 487 357 648 7 180 533 161 436 428 467 87 298 504 308 24 460 329 221 173 540 240 556 159 510 616 8 521 196 598 147 485 532 320 89 236 419 466 116 628 560 325 
497 132 43 529 644 477 90 326 262 640 188 200 114 555 12 289 168 587 347 124 119 121 541 390 33 486 492 59 20 538 63 21 299 605 396 273 354 231 228 356 633 391 234 423 346 451 239 227 380 557 44 365 226 389 604 369 649 25 397 479 614 189 467 483 321 64 339 170 565 107 475 178 157 530 648 550 379 184 98 97 158 445 329 51 568 409 333 469 586 353 216 589 617 66 498 367 466 89 571 539 
302 331 490 135 335 468 421 73 257 505 318 640 124 129 585 12 596 255 625 613 587 82 168 203 23 287 131 408 605 59 20 81 405 492 76 551 352 133 542 544 517 243 19 204 148 238 422 480 42 194 226 86 77 6 227 451 151 265 254 113 349 537 71 210 134 61 176 639 339 357 64 251 479 288 614 97 576 70 27 281 295 329 341 476 221 219 521 8 190 498 269 48 367 571 581 94 631 411 80 137 
262 386 331 141 415 136 583 138 421 582 554 213 599 188 513 183 640 248 40 114 124 30 177 605 199 69 633 233 408 334 439 452 164 517 118 125 235 569 396 548 59 179 14 254 319 480 618 140 44 37 226 636 313 608 317 355 392 561 265 564 134 149 523 535 543 427 432 180 475 360 531 344 436 307 170 329 185 469 304 642 155 568 174 27 430 624 575 79 494 112 172 5 539 446 116 269 571 92 89 454 
516 26 376 326 607 136 501 431 529 255 528 253 632 250 340 296 183 229 165 640 153 53 359 328 273 609 81 164 362 605 517 280 551 496 131 13 152 401 76 20 263 343 187 440 86 423 403 404 277 558 37 407 435 15 234 68 104 459 22 522 134 639 225 479 358 10 629 482 56 536 275 461 465 251 201 444 100 519 630 285 142 575 409 32 221 4 550 97 624 292 327 438 163 498 320 527 266 581 353 488 
594 350 290 268 302 525 421 128 335 596 114 645 165 384 447 245 306 585 518 505 599 646 347 164 538 18 448 23 95 452 396 375 233 524 123 486 316 601 59 332 622 458 60 277 179 108 204 337 414 324 227 608 590 317 404 197 313 423 636 288 339 535 357 648 11 242 61 351 457 358 537 246 360 443 547 219 647 304 399 576 382 592 637 27 190 155 159 55 122 211 260 163 419 216 50 438 454 643 266 508 
335 583 490 331 237 620 9 138 99 139 183 121 499 255 245 582 606 129 259 378 402 511 541 125 493 145 2 538 316 133 85 203 463 354 63 115 622 627 610 198 548 160 47 395 238 42 130 324 314 78 435 337 649 227 254 212 618 319 148 495 64 189 274 242 433 251 638 483 284 67 425 436 7 308 522 329 469 100 55 409 27 416 637 206 630 476 293 521 364 514 94 320 572 394 260 617 216 92 353 498 
500 644 73 135 583 309 350 99 468 383 456 528 31 513 384 300 336 215 255 119 247 41 559 354 417 280 493 198 524 610 69 228 287 330 484 588 548 492 85 95 570 140 404 254 181 68 319 414 365 474 144 626 186 380 604 395 557 238 422 437 547 134 107 442 349 87 74 322 638 487 189 425 149 565 629 576 52 379 624 642 329 55 416 361 426 494 489 51 285 411 89 348 116 146 269 611 50 628 172 617 
309 90 529 128 135 415 350 9 602 646 121 559 82 384 153 119 124 215 378 347 31 1 41 164 13 566 69 258 633 127 256 95 546 131 232 63 551 609 601 118 33 194 148 458 440 109 28 77 117 414 451 343 557 42 264 47 226 44 244 338 24 246 201 363 242 322 344 460 251 530 523 412 170 461 224 34 521 27 510 426 173 445 32 106 219 79 385 285 276 182 572 48 260 266 514 488 325 269 411 236 
99 502 497 278 257 331 90 525 468 53 456 200 245 58 12 597 247 229 289 384 41 124 420 203 417 76 280 270 486 23 256 605 63 484 544 517 223 20 118 252 566 194 297 422 395 148 37 44 435 238 25 47 239 392 470 234 217 458 78 10 339 91 288 170 537 275 189 427 533 641 134 209 284 143 338 97 444 111 371 196 276 293 624 630 512 489 295 494 382 628 572 643 617 320 94 325 5 539 182 485 
635 421 326 26 619 136 376 386 583 634 384 139 591 383 640 119 528 541 625 613 58 41 153 548 542 593 387 118 633 405 481 95 552 252 29 352 231 20 23 517 21 197 212 440 451 480 407 77 44 217 558 579 239 249 227 343 403 372 337 641 436 478 321 487 580 225 224 412 246 357 192 614 298 351 349 400 52 276 453 190 361 550 379 573 57 637 540 98 219 446 498 611 5 195 182 454 66 50 163 269 
