-1 -1 -1 -1 -1 -1 -1 -1 -1 -1 -1 -1 -1 -1 -1 -1 -1 -1 -1 -1 -1 -1 -1 -1 -1 -1 -1 -1 -1 -1 -1 -1 -1 -1 -1 -1 -1 -1 -1 -1 -1 -1 -1 -1 -1 -1 -1 -1 -1 -1 -1 -1 -1 -1 -1 -1 -1 -1 -1 -1 -1 -1 
125 96 80 69 114 119 64 77 131 21 81 130 5 86 106 121 107 129 15 138 72 2 185 207 38 152 187 177 168 27 166 170 167 163 165 176 222 39 43 240 254 172 188 249 156 267 42 219 229 32 218 209 301 294 304 288 269 59 290 278 57 273 
113 92 123 69 73 131 105 3 139 125 150 128 135 10 90 94 1 115 146 106 133 4 156 224 161 265 184 245 176 183 219 238 214 247 227 192 40 260 268 215 203 190 212 29 188 166 241 193 170 160 185 48 307 269 277 273 270 60 276 54 55 297 
93 111 13 15 128 137 0 98 114 95 70 140 67 150 125 118 133 142 4 138 100 96 153 23 32 175 179 195 165 247 215 234 173 246 171 206 186 29 200 222 203 210 209 170 163 158 218 208 36 166 151 252 61 299 306 301 269 298 308 286 302 53 
16 92 88 121 21 10 131 110 79 108 72 141 83 150 116 93 109 102 139 5 68 97 214 185 237 213 192 179 215 27 262 194 222 206 24 232 229 169 48 255 162 230 268 210 193 155 201 31 166 33 219 36 276 294 274 278 297 306 55 293 286 56 
144 94 140 126 120 64 84 83 17 135 82 79 6 68 124 87 107 15 136 67 122 116 232 227 162 249 196 42 202 155 235 218 199 38 217 201 177 165 167 169 164 39 41 256 216 179 190 253 223 180 36 205 54 297 305 288 273 308 286 291 304 284 
95 79 0 91 122 77 109 146 81 130 147 66 86 71 74 80 67 149 98 107 121 111 155 260 23 195 184 230 188 35 157 208 186 181 33 246 174 207 214 46 39 263 51 255 235 24 43 165 248 240 262 168 271 285 301 290 286 272 305 284 281 54 
67 107 76 106 72 71 1 68 111 130 69 100 78 102 88 137 14 144 133 112 87 95 178 209 161 234 172 151 40 37 246 250 254 267 227 24 46 174 30 167 181 236 45 171 210 196 258 48 260 195 193 215 309 270 57 60 303 285 54 284 293 269 
83 117 143 108 120 112 134 139 67 116 62 118 21 84 10 114 87 106 90 138 102 94 37 228 259 163 226 207 24 156 152 191 175 240 205 253 169 236 210 151 234 161 36 160 185 44 243 153 183 231 215 208 296 306 272 282 278 286 297 291 307 271 
96 79 107 147 0 101 21 145 100 75 88 83 140 120 64 141 149 4 104 114 106 67 180 30 193 218 40 261 244 248 264 25 236 41 211 48 171 176 185 213 43 178 224 223 175 165 243 177 255 234 170 164 297 307 271 278 270 273 309 284 302 310 
1 93 132 127 112 136 16 84 77 79 76 11 134 8 96 20 70 65 124 72 115 3 182 227 32 230 204 216 34 210 181 243 195 37 241 49 47 231 264 261 191 48 46 248 23 211 224 173 155 36 253 215 52 59 301 305 274 277 272 309 287 57 
147 13 63 101 110 114 5 141 92 66 137 74 82 117 6 9 97 10 103 133 98 2 257 264 220 205 157 174 163 165 189 262 45 186 238 258 234 221 202 218 187 250 223 190 155 182 231 153 171 201 47 236 310 279 309 302 281 289 54 277 280 301 
141 111 138 5 9 109 99 10 11 89 68 90 104 108 81 146 72 144 94 82 131 97 42 220 265 233 174 208 213 178 251 204 168 253 267 230 266 35 248 183 226 231 191 38 156 192 215 23 238 249 268 33 59 309 282 55 301 290 269 287 304 283 
109 71 118 90 4 128 92 87 116 111 67 103 148 129 84 83 113 121 75 13 147 99 238 180 154 34 240 268 171 213 242 220 252 206 233 29 250 236 51 161 191 152 194 160 178 265 157 247 32 248 44 216 304 305 281 61 58 57 280 59 310 290 
122 134 128 64 5 119 132 109 3 77 84 136 115 72 69 95 83 144 9 133 123 75 208 180 204 175 188 163 23 241 235 161 218 151 263 166 43 231 199 251 190 39 230 165 157 236 42 228 152 176 171 154 285 270 275 294 289 278 298 269 292 300 
127 94 65 99 140 11 8 111 105 116 20 71 145 81 132 92 102 17 129 83 66 1 48 220 183 263 190 34 182 207 30 173 224 186 22 180 243 162 166 153 250 159 238 33 260 212 215 152 264 221 268 29 271 57 306 269 54 309 277 279 301 60 
134 64 18 2 93 143 79 123 148 117 108 66 102 10 72 125 19 96 82 97 3 110 158 25 252 48 176 39 247 260 262 245 198 171 265 166 268 31 207 43 34 225 234 191 222 200 211 174 184 181 188 159 61 303 280 275 289 308 269 273 271 299 
117 148 9 109 81 112 140 118 63 104 10 13 1 100 80 131 96 84 71 150 93 6 163 198 161 155 40 194 209 22 182 205 181 175 29 211 152 210 228 179 217 151 162 188 201 50 218 250 189 226 45 248 290 285 53 58 277 309 276 295 306 283 
62 65 99 15 82 86 103 81 8 132 123 116 134 133 76 138 107 119 94 71 17 88 184 158 173 242 39 197 250 22 168 230 221 36 258 212 174 198 200 35 267 256 165 34 244 215 41 226 29 37 216 203 289 273 281 283 269 276 288 307 291 300 
98 17 20 79 15 65 110 74 69 11 16 76 106 77 83 68 141 8 89 137 94 93 158 251 151 232 241 258 165 199 29 250 220 184 175 243 226 247 234 167 154 233 219 156 237 238 178 256 27 163 222 245 289 300 61 53 288 290 308 297 295 274 
105 12 6 81 121 130 136 101 68 120 137 123 128 10 104 115 110 88 16 66 117 142 245 155 29 247 183 24 28 48 202 231 178 249 236 159 218 220 26 32 180 157 34 50 22 190 177 265 260 235 191 187 61 295 289 275 278 274 272 283 271 286 
93 89 147 115 81 94 80 75 112 124 133 6 116 129 105 9 97 143 13 8 1 121 24 226 240 31 202 185 256 34 243 211 156 205 212 22 235 154 41 25 198 180 166 26 36 216 248 170 267 230 189 197 276 293 60 285 279 269 304 305 281 302 
20 13 84 129 4 21 116 132 117 126 147 150 77 134 1 68 98 17 76 100 74 115 24 187 184 45 152 208 178 162 172 249 188 29 31 216 247 196 252 26 219 197 259 190 35 225 51 209 264 203 164 41 52 291 298 299 290 54 283 309 58 276 
72 131 123 89 118 142 112 66 114 77 75 82 138 101 125 132 13 19 71 147 15 120 194 191 261 31 161 158 35 37 258 230 46 221 166 232 33 187 257 43 30 199 154 184 25 180 189 44 182 218 242 216 287 309 283 290 59 57 298 284 52 296 
75 85 138 148 5 69 126 63 81 124 82 115 62 10 72 107 113 127 3 90 145 6 239 262 194 187 225 153 34 209 208 245 22 185 173 43 39 197 164 199 252 265 251 172 253 171 41 210 260 206 28 205 307 305 287 298 57 270 293 284 273 308 
72 84 7 119 132 111 134 11 131 85 16 64 79 82 121 146 100 104 141 124 81 87 180 218 249 178 190 268 245 226 22 50 39 256 164 243 224 36 30 199 205 220 230 26 222 246 181 40 29 201 157 34 309 282 276 285 286 58 60 273 269 307 
69 18 143 8 1 3 146 64 62 17 76 79 90 149 125 75 68 94 102 14 83 4 238 212 172 198 246 152 245 183 219 235 229 221 167 186 236 177 241 251 22 170 159 204 255 40 161 43 33 42 244 50 61 308 270 271 290 302 273 282 307 292 
117 88 103 20 101 74 8 19 72 104 96 144 93 15 98 130 148 2 86 119 124 128 160 46 159 193 177 184 218 23 221 195 22 252 173 212 237 156 244 236 34 51 29 231 204 47 42 50 259 219 183 25 290 55 280 271 294 54 272 303 275 299 
117 11 86 15 62 73 129 113 21 105 143 89 16 103 6 65 18 5 147 137 107 94 246 204 155 222 35 260 38 158 31 161 245 238 182 240 24 195 221 256 32 193 251 206 232 197 180 244 239 181 223 173 308 299 281 56 309 58 278 52 57 288 
89 6 99 8 70 20 103 7 146 133 87 136 142 71 76 17 81 66 122 145 75 97 240 249 226 189 165 210 159 194 253 152 235 260 213 239 157 218 204 27 180 44 224 230 182 215 209 50 169 267 246 261 283 55 303 288 297 277 275 269 300 280 
