-1 -1 -1 -1 -1 -1 -1 -1 -1 -1 -1 -1 -1 -1 -1 -1 -1 
29 60 89 5 30 51 199 12 192 112 182 216 121 166 227 235 255 
30 28 42 105 52 35 160 163 196 206 198 118 113 169 258 257 239 
102 42 92 27 0 57 163 205 189 160 194 115 192 114 258 261 265 
99 102 75 36 50 18 210 136 184 109 211 169 213 150 229 257 239 
105 92 85 86 68 29 106 111 162 154 188 115 201 145 16 228 250 
54 3 27 85 86 23 123 138 206 109 170 189 118 162 262 256 245 
39 100 87 40 57 68 223 127 6 108 11 137 213 115 258 233 265 
97 5 74 71 100 32 169 9 177 114 191 108 211 168 15 253 243 
97 53 49 4 89 45 187 13 176 9 179 198 153 212 233 246 242 
38 51 49 63 2 105 123 120 195 218 127 142 206 6 256 242 227 
32 57 59 93 52 18 173 142 170 147 144 109 219 137 15 248 16 
61 18 1 92 21 60 208 130 182 128 157 220 141 135 238 246 240 
47 45 102 66 96 25 212 148 134 132 159 149 126 113 225 226 257 
38 23 105 29 69 100 157 131 145 172 193 143 150 141 237 238 234 
105 59 1 41 78 40 112 134 120 148 141 222 175 109 238 264 239 
73 38 88 103 77 56 189 136 151 110 182 183 201 175 234 232 260 
66 63 101 72 74 87 130 160 118 148 184 122 143 187 244 263 15 
66 41 3 28 27 49 213 127 131 218 186 195 168 216 255 264 242 
34 62 72 20 82 21 175 171 214 160 112 129 121 9 264 254 236 
57 89 43 21 65 66 118 131 106 175 183 9 205 184 251 264 241 
53 67 38 20 33 66 217 223 210 219 205 187 114 155 14 224 264 
32 49 82 52 59 33 162 123 122 12 111 149 110 6 251 255 258 
41 59 94 31 104 47 107 143 190 221 131 211 214 159 234 260 261 
38 86 43 97 53 4 161 138 218 220 184 113 221 146 256 231 265 
101 54 2 63 94 89 151 155 146 132 186 184 204 112 248 225 254 
69 94 31 50 68 60 11 125 139 180 220 179 122 189 263 226 258 
25 58 87 73 70 19 208 170 112 196 202 191 106 173 259 253 245 
4 47 65 74 55 101 197 137 119 214 205 136 141 207 237 249 252 
88 99 52 66 77 64 217 140 205 119 134 208 141 200 252 231 258 
