-1 -1 -1 -1 -1 -1 -1 -1 -1 -1 -1 -1 -1 -1 -1 -1 -1 -1 -1 -1 -1 -1 -1 -1 -1 -1 -1 -1 -1 -1 -1 -1 -1 -1 -1 -1 -1 -1 -1 -1 -1 -1 -1 -1 -1 -1 -1 -1 -1 -1 -1 -1 -1 -1 -1 -1 -1 -1 -1 -1 -1 -1 -1 -1 -1 -1 -1 
550 885 195 843 781 738 562 823 140 631 943 824 99 558 760 5 415 560 289 437 1077 507 409 594 391 520 1088 1025 1080 542 944 879 840 623 133 787 1070 13 552 485 687 892 227 77 740 397 980 1026 291 237 342 873 555 465 672 112 428 351 859 598 60 1009 119 700 1095 151 759 
251 1028 529 257 173 641 23 706 181 195 915 213 54 943 903 388 537 246 217 871 803 345 814 1057 542 589 245 26 281 697 623 57 177 651 710 47 707 328 240 451 450 588 86 864 699 32 825 13 628 936 60 650 428 348 950 1006 1091 639 297 544 904 189 412 385 812 744 361 
947 429 41 44 457 728 810 682 618 26 703 1023 377 1010 178 853 19 816 681 154 517 910 616 577 960 333 834 547 307 280 343 579 746 567 749 397 91 231 137 938 904 928 67 279 588 976 961 206 42 117 65 136 828 127 109 66 56 812 719 285 439 667 100 188 113 1054 386 
178 187 1023 1086 782 319 1073 532 221 497 795 664 659 340 542 567 183 195 827 995 410 932 369 940 815 806 962 352 561 676 880 484 819 945 156 393 607 397 382 354 630 1085 78 27 139 530 223 9 675 363 1050 924 1089 934 836 899 1064 412 32 126 970 103 282 1070 470 471 200 
1090 369 72 567 54 106 738 891 752 441 22 438 96 281 724 853 375 347 741 534 171 1042 662 176 956 243 275 838 41 532 545 491 1074 230 467 868 951 454 264 698 710 929 565 540 555 3 650 91 584 74 276 601 424 322 283 592 941 909 235 721 393 789 809 191 531 110 190 
436 760 4 631 429 116 36 249 294 570 185 523 326 806 843 574 919 19 668 657 192 195 724 489 250 888 38 239 62 833 600 111 821 982 206 1029 376 654 994 360 1068 669 1064 346 1066 847 432 694 603 241 331 805 302 667 1081 597 465 1026 383 1012 721 612 6 825 390 758 138 
857 347 590 371 677 851 378 784 920 509 406 567 365 902 484 760 863 468 221 274 782 220 581 287 944 102 489 589 553 436 894 423 377 496 353 612 476 396 950 580 673 86 846 720 314 1045 419 634 200 317 1046 670 1047 354 825 630 597 225 855 1095 556 156 153 286 74 619 129 
438 550 821 903 344 570 380 983 411 243 500 554 889 250 201 596 405 472 362 431 159 959 771 689 775 57 875 62 842 315 708 1063 1053 885 428 826 1067 79 733 260 522 650 42 182 769 861 557 310 807 526 804 78 580 452 710 764 135 297 151 612 138 3 45 1013 939 144 498 
106 180 589 83 691 181 92 1087 927 437 915 1000 668 967 248 985 1056 521 638 930 1 767 0 1042 301 566 842 640 696 664 539 391 986 887 231 492 288 730 924 456 929 254 633 424 137 397 396 1091 1070 331 1071 754 206 390 404 893 544 236 693 261 679 112 858 859 855 1050 968 
1002 411 545 746 5 581 995 259 848 738 887 642 775 230 748 388 494 367 401 1080 579 1 761 872 219 587 912 852 891 651 648 770 245 394 730 1034 669 357 883 89 277 45 119 667 864 353 1055 113 924 984 1078 103 122 1020 1070 633 136 82 786 310 74 992 384 753 428 825 455 
26 22 947 315 265 159 304 177 888 309 747 98 801 775 691 943 181 915 362 792 528 146 381 272 370 84 1092 448 495 542 857 736 72 545 544 512 113 487 933 672 199 225 1030 690 175 881 1065 110 585 914 722 459 302 961 994 1015 630 350 138 1084 1066 361 855 285 667 1071 904 
298 902 770 186 373 334 158 960 160 917 923 193 5 574 486 604 308 184 251 622 895 141 688 1086 969 457 517 0 401 504 480 995 587 19 791 129 804 899 571 1006 613 864 533 665 1035 800 222 261 439 224 1001 349 897 286 502 1020 232 778 797 1015 346 384 1064 42 255 133 276 
564 307 234 757 819 292 537 274 814 245 409 761 327 853 438 703 586 185 775 801 921 29 243 916 532 781 265 201 737 874 985 842 891 402 780 348 503 766 525 1006 933 924 966 286 740 1030 526 382 1082 440 236 132 191 117 626 34 342 864 964 363 55 269 939 453 175 366 1031 
591 811 12 943 392 489 566 61 464 620 944 247 509 49 436 315 362 83 763 728 888 370 979 1 671 274 292 691 372 756 336 860 213 1042 444 906 107 493 1066 440 2 492 836 168 434 206 358 533 1081 993 317 236 142 612 311 223 113 387 765 1007 769 1001 460 861 60 1009 450 
319 312 340 334 863 618 1040 945 604 371 801 497 511 4 890 147 553 508 857 894 475 566 244 185 504 677 96 997 324 917 94 306 409 955 788 172 190 1052 1007 1019 950 1078 452 77 473 733 325 126 627 419 100 946 385 346 602 971 601 924 654 69 584 418 329 199 396 1037 386 
880 221 147 158 50 245 692 305 635 917 770 1033 843 821 519 49 298 840 923 562 623 181 811 921 180 395 808 887 1022 166 11 581 534 57 42 86 764 1009 710 856 754 210 31 1070 148 465 721 460 957 263 727 1036 101 883 673 797 1013 1034 229 571 150 867 1071 786 961 844 110 
490 562 921 728 145 147 388 782 872 537 477 887 986 849 878 294 1032 226 248 576 935 676 880 717 468 93 212 527 712 97 246 1000 985 550 172 71 139 282 565 764 698 63 338 218 607 331 222 39 798 794 60 138 6 2 293 933 1003 1068 826 512 67 1035 13 1016 700 563 485 
315 457 725 204 608 345 833 681 524 795 134 219 890 567 154 712 1077 999 799 251 830 872 692 177 1072 578 248 1090 1023 1044 666 352 840 715 836 235 797 996 817 255 913 355 492 861 254 754 1031 665 503 846 277 203 1049 46 142 52 565 707 348 881 82 794 386 1024 787 427 107 
469 877 923 889 1092 1023 590 274 642 541 64 781 509 176 1083 682 796 1011 711 962 623 717 935 193 596 917 457 1044 716 201 372 495 985 587 813 63 601 544 68 126 993 525 393 138 48 482 758 115 949 533 449 125 151 223 79 992 252 293 559 972 1013 922 263 132 260 700 351 
193 211 19 378 507 477 457 371 305 927 20 678 375 333 618 380 178 932 561 289 431 680 854 640 975 888 114 594 771 486 61 761 158 327 739 690 144 1061 516 565 348 1036 909 619 661 360 476 417 812 218 89 110 42 139 447 726 1046 965 636 972 753 492 1021 926 797 856 1064 
560 932 347 905 523 915 259 834 886 1053 682 16 183 160 271 426 645 380 490 292 989 415 581 919 1056 838 985 1032 848 1043 312 577 843 11 1054 612 501 695 964 152 449 455 264 731 493 766 990 994 109 390 56 627 1055 568 452 52 303 450 759 256 1001 270 1045 729 571 826 407 
165 537 865 438 436 640 653 691 17 381 395 891 1073 643 504 41 426 441 491 230 93 956 420 280 901 1018 879 811 930 851 554 1074 292 446 77 1054 126 348 525 346 883 335 914 355 867 743 1020 482 300 317 665 926 483 451 1007 13 953 18 844 390 670 1021 493 1034 909 316 961 
57 927 226 23 309 560 326 632 969 373 489 902 541 553 265 834 747 625 174 623 691 147 158 781 725 379 887 266 872 728 38 811 882 98 841 430 939 825 155 322 831 82 665 950 235 1049 597 119 382 124 329 285 1027 866 1029 800 118 43 533 303 1001 1061 925 360 1035 47 78 
242 312 437 58 653 620 869 853 967 546 356 560 301 192 1090 527 697 24 462 575 1028 211 38 732 443 174 345 381 402 315 165 644 347 596 105 200 89 291 453 296 971 119 713 627 269 1061 440 503 802 614 318 584 619 314 858 264 828 189 76 385 609 1034 758 474 549 172 563 
7 280 174 696 902 886 327 604 187 539 625 158 570 54 214 344 475 595 1087 594 415 248 564 162 863 85 375 159 192 80 30 509 289 770 56 968 970 48 459 331 89 533 424 1082 855 1076 300 856 69 465 126 179 142 188 619 200 27 269 291 209 237 557 350 112 580 128 1085 
819 796 30 272 87 226 81 211 403 20 415 378 1004 658 462 25 882 438 985 398 842 33 959 50 891 488 763 1092 711 562 477 324 912 362 473 418 768 383 925 571 580 13 52 1079 407 655 522 254 264 70 953 617 351 557 43 1065 82 67 320 867 730 152 91 39 461 60 408 
599 8 23 962 265 647 618 420 484 527 234 708 622 956 735 728 604 1058 165 771 1017 24 827 570 763 271 666 11 19 61 1087 648 920 955 1085 961 206 163 510 1005 584 419 1029 913 535 311 417 142 555 203 138 476 753 614 565 79 740 487 151 383 86 132 269 710 951 412 1094 
692 164 582 438 238 851 253 543 889 326 477 370 969 666 930 380 782 587 211 781 732 481 373 985 281 875 795 850 1090 251 716 368 708 420 592 418 332 687 60 55 142 493 95 946 552 384 133 156 463 862 227 602 316 804 911 826 669 802 636 15 252 261 170 358 210 439 135 
367 102 488 792 529 680 546 266 213 250 900 96 116 967 16 319 140 840 688 298 183 806 779 918 600 979 542 258 247 25 850 1010 885 499 637 228 450 95 39 313 52 722 348 290 817 478 911 972 15 787 351 627 619 639 276 729 118 144 311 67 189 127 382 946 170 355 6 
