-1 -1 -1 -1 -1 -1 -1 -1 -1 -1 -1 -1 -1 -1 -1 -1 -1 -1 -1 -1 -1 -1 -1 -1 -1 -1 -1 -1 -1 -1 -1 -1 -1 -1 -1 -1 -1 -1 -1 -1 -1 -1 -1 -1 -1 -1 -1 -1 -1 -1 -1 -1 -1 -1 -1 -1 -1 -1 -1 -1 -1 -1 -1 -1 -1 -1 -1 -1 -1 -1 
69 103 110 37 138 77 55 2 57 62 118 53 120 41 15 133 21 8 106 70 30 12 56 58 48 137 9 18 32 43 3 142 10 23 91 17 73 80 42 112 40 84 63 83 128 0 50 66 52 94 109 14 26 68 45 134 129 141 29 92 16 119 127 44 5 25 101 104 60 99 
97 7 27 2 110 72 138 77 95 53 62 118 31 102 46 120 75 21 56 135 114 106 6 8 142 3 9 91 18 65 10 23 137 48 43 132 40 81 79 4 42 141 68 134 108 67 94 19 115 109 51 28 26 76 92 36 59 29 107 83 5 38 117 25 44 101 22 16 104 122 
138 27 139 61 72 103 97 55 62 102 57 15 41 31 53 125 8 58 20 78 12 30 70 6 10 91 90 18 132 49 105 65 32 43 3 9 81 47 40 100 111 109 83 93 14 92 115 134 66 108 71 76 94 19 63 1 0 96 36 141 16 54 104 122 89 124 127 85 60 101 
61 55 139 35 98 136 7 138 46 31 74 116 57 133 24 62 70 12 135 106 6 78 114 21 48 91 49 17 132 18 65 43 9 123 32 3 4 79 42 34 113 51 19 82 0 36 115 134 107 50 94 109 59 108 11 26 76 13 28 52 89 101 60 33 124 117 122 25 38 126 
77 110 69 61 2 136 72 55 130 74 120 53 116 62 31 41 70 58 21 114 6 56 30 135 9 17 3 132 142 32 65 137 105 10 48 23 88 40 79 42 112 115 121 107 128 83 92 87 71 76 13 129 14 19 108 93 82 134 26 36 25 64 22 99 60 54 38 127 5 122 
37 27 139 110 138 61 136 103 53 102 130 46 118 120 116 62 20 106 12 6 135 21 30 78 91 123 18 3 90 132 65 105 17 23 137 48 34 88 140 40 42 28 94 0 87 96 36 63 134 93 52 71 68 92 26 121 115 128 29 109 122 124 86 99 22 127 54 25 117 33 
97 72 136 35 7 139 55 27 31 62 130 120 57 102 133 116 6 58 106 114 135 12 21 30 91 123 3 105 49 132 17 43 32 142 18 10 112 140 81 100 73 11 45 141 63 128 14 108 36 84 52 13 93 87 19 26 83 66 28 1 101 99 124 85 60 54 44 122 117 127 
131 139 2 72 69 27 37 55 130 31 133 24 46 102 118 62 135 58 12 75 20 6 114 106 142 3 23 18 49 10 90 48 65 32 137 9 100 34 111 79 42 108 59 134 52 36 67 0 11 129 94 92 63 51 14 96 109 28 121 66 101 64 122 86 127 5 16 38 119 60 
139 131 98 27 69 72 2 136 130 46 74 15 120 102 118 116 56 8 114 21 58 106 20 135 90 23 123 18 48 132 137 142 49 32 105 39 4 42 80 113 111 107 93 67 134 66 87 129 71 36 19 63 94 0 59 109 45 50 76 51 104 5 126 16 33 124 44 38 122 127 
72 136 110 138 97 35 61 27 74 133 95 116 15 57 31 62 106 78 30 56 12 8 21 20 18 9 142 123 132 137 49 91 105 90 17 65 112 80 113 4 88 67 128 59 63 141 1 83 66 45 94 129 87 109 50 134 93 36 82 19 64 85 89 54 104 16 101 122 38 44 
55 103 138 97 110 77 7 131 116 130 24 31 118 15 95 102 8 58 6 56 21 114 106 12 123 10 18 23 39 65 9 17 49 48 90 137 111 79 140 47 40 28 51 13 63 50 59 11 66 68 92 141 71 93 29 14 94 121 84 1 54 5 126 44 16 89 38 33 22 122 
98 69 77 72 27 55 2 139 15 53 74 46 133 41 62 95 30 75 114 58 135 20 106 56 91 105 43 18 123 39 48 65 49 137 132 142 73 79 111 88 42 115 71 52 92 93 109 76 83 68 1 129 51 28 128 63 121 14 13 0 117 33 5 127 99 126 25 119 104 16 
139 103 27 77 136 138 55 97 53 46 41 24 102 118 95 31 20 6 21 12 56 114 70 30 48 105 23 142 65 91 39 32 49 10 18 90 81 80 40 42 113 107 14 28 13 50 67 59 83 52 84 87 134 82 109 1 19 68 96 129 5 16 33 64 89 86 104 122 126 99 
77 97 69 61 138 37 27 2 46 24 31 133 120 15 62 118 30 56 8 114 20 75 12 78 17 10 39 3 142 9 32 123 48 90 23 18 113 47 73 80 79 92 108 59 107 129 82 66 109 36 94 45 26 128 83 76 52 84 115 29 64 117 54 25 89 124 101 99 44 5 
2 139 27 110 72 61 97 55 120 118 116 41 74 15 133 31 135 70 21 114 30 6 20 106 9 91 48 90 23 142 18 3 39 17 65 105 112 100 88 4 79 141 67 83 84 87 71 19 51 121 93 59 29 109 45 36 66 76 13 129 86 60 22 127 122 33 54 38 99 117 
77 131 69 98 61 103 7 138 24 118 125 102 46 41 62 31 20 6 70 12 58 75 56 78 142 10 43 90 32 17 65 105 132 23 18 39 113 73 100 80 88 141 52 121 63 128 29 129 109 82 26 71 92 59 83 68 76 84 107 1 86 89 33 64 101 122 117 124 85 99 
139 55 72 77 69 131 35 7 46 120 24 116 118 102 125 57 6 21 75 56 135 58 30 20 123 142 32 137 10 18 48 132 43 23 90 9 34 47 40 113 100 115 36 92 0 13 71 107 128 84 134 76 63 14 50 29 51 121 68 66 60 54 16 119 44 117 5 124 99 38 
97 37 103 55 27 77 69 7 41 116 120 133 53 74 24 102 21 12 6 8 58 106 75 135 10 90 48 65 23 137 32 9 3 105 91 18 40 113 34 111 140 50 63 94 121 1 141 29 13 92 51 66 128 68 115 45 14 107 0 36 44 99 89 117 104 64 25 38 126 127 
103 7 131 138 98 35 136 69 116 41 31 118 95 120 24 57 8 6 135 21 12 56 70 30 123 90 105 65 142 32 91 48 18 43 9 49 42 40 113 47 4 87 51 45 115 83 68 76 29 82 141 63 94 66 129 11 26 109 67 93 5 85 22 33 117 60 44 86 124 101 
98 131 77 69 2 55 72 103 118 74 46 62 120 116 53 24 12 78 75 30 6 56 70 8 3 90 142 10 18 105 43 23 39 9 32 137 40 100 42 4 112 50 19 59 71 94 107 87 0 52 51 11 134 141 13 26 121 128 63 14 85 89 126 54 101 38 119 127 60 86 
77 139 136 138 110 97 98 131 116 24 31 74 118 125 57 53 56 58 21 135 106 30 20 6 105 18 132 65 137 23 17 49 90 9 3 10 81 100 80 88 4 36 128 45 63 19 50 28 1 94 83 107 96 92 87 52 26 13 71 93 22 64 119 124 127 117 5 54 44 122 
55 35 77 27 2 37 61 72 24 46 102 133 118 57 53 125 70 30 114 20 8 78 135 12 9 49 39 48 17 123 43 137 142 90 3 32 42 88 79 113 112 1 68 121 108 63 82 93 26 28 87 71 134 83 107 0 59 94 66 51 33 119 60 54 122 38 25 44 86 126 
35 77 139 72 136 55 98 37 31 57 120 102 125 41 62 53 21 135 58 6 20 106 70 114 48 32 132 49 39 105 123 137 65 10 17 18 113 42 100 47 88 11 93 51 83 82 66 14 59 52 94 13 115 107 26 84 76 19 63 29 25 104 60 5 16 22 54 86 33 117 
136 98 55 139 35 27 110 69 74 62 118 53 57 31 15 24 21 6 75 114 70 8 12 56 23 17 132 137 48 142 9 10 123 32 49 90 113 112 100 73 79 141 1 82 115 50 84 83 63 94 13 45 11 14 87 108 128 71 93 28 33 104 54 117 89 101 122 5 16 126 
131 27 136 138 77 103 55 72 41 102 95 46 74 15 31 133 114 58 56 20 135 12 70 78 49 137 39 3 18 17 32 132 65 23 9 91 81 113 40 112 4 71 83 92 50 63 68 109 59 45 52 36 108 29 84 121 107 66 51 128 126 117 33 54 86 85 127 101 89 22 
77 55 103 7 69 131 110 37 15 31 46 102 118 74 57 125 12 6 135 56 30 8 21 58 137 23 142 105 49 32 65 48 90 43 10 3 88 80 47 79 113 50 141 14 68 128 92 45 115 129 107 96 121 0 51 26 36 82 76 63 89 122 22 126 33 85 25 54 16 38 
35 77 136 7 139 2 110 27 62 15 95 46 31 118 133 74 8 58 6 106 114 30 20 75 142 132 48 39 3 123 91 32 18 43 65 23 79 113 100 34 73 93 11 121 92 0 28 94 128 134 84 108 115 141 36 19 68 71 83 96 44 122 89 22 64 25 86 104 127 5 
139 97 77 98 2 110 131 138 133 46 125 95 102 62 41 120 58 56 135 114 30 21 6 106 91 65 48 123 3 23 32 137 39 10 132 18 4 111 140 73 88 13 59 87 96 129 14 134 109 67 107 52 121 0 108 11 29 36 76 84 33 122 60 117 54 5 99 16 126 64 
55 139 131 2 35 103 7 27 120 41 118 125 57 102 62 95 114 58 6 21 56 30 8 75 65 123 32 39 17 3 91 43 10 9 142 49 4 140 34 47 88 128 93 83 19 29 82 66 0 109 76 107 14 1 121 92 96 52 141 71 22 104 85 126 127 86 44 89 54 33 
