-1 -1 -1 -1 -1 -1 -1 -1 -1 -1 -1 -1 -1 -1 -1 -1 -1 -1 -1 -1 -1 -1 -1 -1 -1 -1 -1 -1 -1 -1 -1 -1 -1 -1 -1 -1 -1 -1 -1 -1 -1 -1 -1 -1 -1 -1 -1 -1 -1 -1 -1 -1 -1 -1 -1 -1 -1 -1 -1 -1 
6 59 5 73 65 36 80 86 18 8 62 27 117 24 98 103 69 100 101 94 88 38 96 54 58 20 10 89 4 91 64 84 118 71 78 12 41 90 30 68 111 7 77 25 104 39 56 14 116 66 114 95 43 79 99 37 72 34 61 16 
97 86 74 119 27 117 11 115 18 103 59 112 80 109 65 101 75 113 98 32 58 10 89 40 31 108 53 84 19 88 55 12 51 60 34 49 43 39 63 78 81 56 29 99 120 30 16 111 52 95 37 92 22 82 102 38 54 46 25 20 
1 70 47 32 100 87 65 3 112 45 76 21 2 86 74 18 6 33 94 11 22 63 35 72 7 104 81 68 90 118 41 91 79 111 102 56 50 61 78 49 10 44 29 116 34 4 15 37 84 105 77 55 64 60 30 53 114 89 39 58 
27 69 115 98 65 47 80 11 13 109 3 45 73 112 74 8 94 93 100 21 35 46 99 28 77 61 54 81 26 68 58 31 79 108 66 63 72 39 52 14 41 15 106 10 51 9 114 50 89 56 92 38 16 49 102 0 29 20 84 85 
5 70 98 32 103 1 27 87 69 94 74 23 24 100 109 112 59 86 47 36 79 90 4 35 85 55 57 0 72 31 82 89 102 20 10 116 88 46 43 28 68 91 40 34 64 111 14 16 56 25 104 7 54 19 71 22 77 99 50 114 
6 87 32 112 119 11 21 36 93 101 33 94 107 13 62 5 113 3 23 24 108 96 72 0 118 114 71 39 81 12 30 43 28 16 88 34 84 22 46 20 48 51 29 82 60 15 106 37 68 38 10 49 66 111 57 92 54 116 61 55 
87 13 32 113 67 45 18 59 8 110 80 103 5 74 100 112 1 36 69 42 111 64 28 120 40 26 88 30 66 118 20 96 49 104 44 82 54 17 114 77 34 71 56 57 89 31 72 15 7 52 50 19 9 92 58 108 43 79 22 99 
101 98 3 8 87 13 119 86 70 33 1 62 45 115 36 73 112 93 107 59 41 29 104 81 61 22 56 116 9 17 26 102 68 54 37 106 12 88 63 114 28 118 39 95 82 99 50 40 25 43 46 53 85 34 72 66 90 15 89 60 
69 59 74 6 110 1 5 18 67 76 65 42 103 70 75 2 24 97 11 32 120 60 79 20 66 105 29 9 108 56 63 71 17 88 0 55 41 30 25 12 53 26 19 61 44 52 10 91 92 37 89 31 104 43 35 78 102 77 34 85 
33 113 59 74 86 45 27 93 6 101 98 23 5 2 24 83 11 62 103 70 51 12 52 82 63 17 85 14 102 44 7 22 91 92 0 43 99 34 106 58 46 78 120 64 108 40 56 81 84 96 37 90 30 41 57 10 61 55 68 25 
115 74 119 76 100 103 69 87 27 86 3 59 11 65 23 110 32 42 73 33 60 91 41 4 14 116 46 92 35 57 30 99 49 84 63 50 90 66 16 51 25 20 19 88 108 44 34 104 37 7 40 89 38 114 56 102 95 79 0 61 
103 73 109 113 110 8 13 32 21 5 18 80 33 69 59 101 42 119 65 70 55 90 61 43 48 77 26 51 85 60 50 15 16 52 39 54 58 118 64 57 116 34 41 88 53 44 95 19 20 49 22 104 66 105 12 31 30 120 56 0 
75 65 27 6 62 103 36 2 47 21 32 112 5 113 86 8 101 13 33 83 66 118 105 91 114 43 81 120 30 58 79 38 17 25 84 49 89 29 111 44 77 51 54 57 48 63 50 56 10 53 85 99 68 28 64 19 15 40 16 104 
6 27 83 42 113 36 112 93 103 1 5 24 80 100 65 107 86 2 13 47 102 46 82 57 72 26 56 35 68 43 37 0 90 16 81 116 78 22 79 7 77 118 19 66 85 89 31 17 44 53 88 104 60 114 111 58 54 52 61 50 
83 36 73 33 98 101 1 8 47 11 2 109 76 3 67 5 75 42 23 113 116 49 96 79 57 7 90 68 108 88 26 78 17 99 25 9 38 63 89 22 10 55 64 111 4 84 60 39 104 31 16 92 66 35 41 14 43 56 120 20 
100 24 119 76 115 70 6 18 8 87 1 107 45 3 32 5 27 59 36 21 43 105 34 81 85 82 91 102 99 53 71 58 79 66 17 51 31 63 56 78 108 104 88 22 10 120 25 61 4 0 57 15 20 114 89 19 29 64 48 116 
47 2 80 83 69 97 59 100 115 110 74 45 112 36 109 107 3 11 94 33 35 55 82 25 61 46 26 81 22 118 37 30 10 40 12 66 111 68 104 102 31 95 77 79 89 17 90 92 54 49 56 52 106 34 71 96 105 7 78 19 
59 93 80 76 107 83 21 3 45 86 70 115 113 101 87 65 33 1 73 69 105 78 63 55 58 71 7 22 40 120 35 116 10 114 68 44 72 82 26 53 61 95 46 25 51 79 85 50 29 20 38 28 84 56 15 14 91 57 102 118 
21 117 13 87 59 62 107 1 94 86 97 27 100 18 45 98 112 33 65 119 95 37 30 116 120 53 40 19 81 104 9 17 63 66 54 64 0 96 15 10 84 82 72 35 77 92 49 4 16 108 55 44 14 68 38 31 43 99 89 7 
115 70 112 86 76 62 18 47 110 97 100 65 87 45 98 42 119 75 101 83 7 57 85 118 68 0 54 16 38 19 28 63 46 116 64 50 43 108 10 9 17 12 40 44 41 99 92 111 34 102 91 90 104 84 20 77 29 89 30 15 
67 103 86 93 24 75 65 113 94 33 117 109 5 45 1 112 36 83 8 110 26 12 17 120 28 71 84 50 99 40 104 25 49 68 56 39 34 91 38 52 78 106 77 48 31 108 41 82 54 19 30 64 7 4 43 22 60 58 105 55 
86 24 27 33 6 11 47 115 45 69 32 113 93 36 65 74 76 103 107 98 22 95 63 82 31 57 25 60 4 116 20 46 9 64 56 102 12 78 41 38 114 7 29 91 19 35 96 30 49 44 53 50 37 105 66 61 104 81 90 58 
103 8 42 24 98 36 80 11 6 21 62 13 69 94 100 97 67 107 2 32 72 10 38 61 25 95 116 57 78 120 99 19 68 4 7 31 104 55 52 14 51 102 29 46 22 88 60 79 56 92 53 66 54 26 84 41 85 58 16 81 
112 1 83 117 36 8 24 67 80 93 62 113 2 42 119 45 101 86 27 6 77 91 104 71 82 12 66 96 44 31 26 92 60 28 0 34 54 58 72 25 39 95 51 99 48 57 17 106 81 4 49 78 55 85 20 102 29 46 14 41 
100 76 94 112 70 110 62 67 65 87 45 18 6 75 36 5 69 8 74 23 38 19 120 116 118 51 44 96 50 56 14 17 46 16 41 52 66 77 35 78 104 89 84 29 54 57 39 72 4 43 102 61 37 114 68 92 15 20 28 82 
5 98 23 100 73 67 45 74 42 36 70 13 86 80 32 47 59 107 18 110 44 17 12 46 53 43 102 85 95 37 72 84 7 81 79 39 0 38 19 64 106 16 77 99 49 20 55 120 108 25 88 52 92 28 48 114 63 91 56 89 
74 33 83 94 100 42 93 115 80 73 1 86 59 98 76 101 62 87 117 24 95 31 37 58 77 63 116 66 106 26 92 104 25 4 72 46 96 120 99 28 34 102 54 88 71 38 20 30 81 57 56 105 22 60 50 29 43 82 15 10 
113 107 74 45 8 119 27 47 73 100 11 87 101 94 70 93 109 24 2 33 35 66 72 4 99 77 31 9 53 50 17 46 85 49 40 44 78 10 0 26 63 79 64 81 106 37 102 114 92 104 61 88 56 41 68 34 90 116 12 7 
100 69 18 67 94 101 32 70 112 1 62 21 33 6 110 87 45 93 3 109 16 88 106 40 99 26 85 20 39 17 57 114 0 43 25 104 102 4 95 72 44 120 29 38 96 52 116 105 46 53 30 7 55 82 61 66 56 15 10 49 
