-1 -1 -1 -1 -1 -1 -1 -1 -1 -1 -1 -1 -1 -1 -1 -1 -1 -1 -1 -1 -1 -1 -1 -1 -1 -1 -1 -1 -1 -1 -1 -1 -1 -1 -1 -1 -1 -1 -1 -1 -1 -1 -1 -1 -1 -1 -1 -1 -1 -1 -1 -1 -1 -1 -1 
2084 1845 2226 926 921 2303 590 1686 582 1779 1861 328 1050 1868 2213 1889 566 2346 412 260 1043 1730 901 252 718 2179 244 35 208 843 656 803 1973 1336 85 411 1112 164 1773 528 2099 747 387 2089 1437 277 1931 207 1130 687 835 1116 1333 1196 2365 
1794 1306 2144 1842 1934 177 1996 735 1024 2273 1079 732 1398 426 551 1257 54 1054 131 2115 13 587 1761 2124 1703 920 1977 1827 219 88 416 1651 542 1337 1246 1589 866 1638 2119 923 26 2004 318 483 344 1204 1998 277 1017 2313 560 810 45 698 326 
58 655 177 2333 134 1137 1408 328 783 1109 2317 1518 1001 245 312 1875 1379 2346 210 1584 641 119 2266 1517 223 844 1456 1043 125 35 689 1030 648 463 769 534 251 738 1346 1557 184 1255 628 1681 625 37 980 521 142 1130 737 395 965 1340 2010 
404 1731 937 1260 1783 228 673 971 743 1629 613 2061 1090 988 118 176 2123 961 233 1186 903 1625 1723 1819 936 541 1714 453 2178 795 1191 2247 22 96 2129 2231 1837 2126 2132 1202 1557 1037 605 1187 413 528 295 1272 799 1556 2079 2337 45 753 1715 
1647 2044 268 2001 1655 970 1212 2361 175 2188 1233 991 1079 1291 1227 298 1857 2161 1748 1928 610 1487 911 1761 1467 1267 311 1674 2364 2332 2239 2150 1643 1782 242 227 148 1773 1660 669 2350 1615 1923 74 1008 705 1356 1551 2067 1218 86 2060 152 635 2362 
1508 1578 1394 316 2284 355 2098 1498 1291 1273 2268 1305 968 1800 1542 1788 1459 1619 790 1907 389 49 346 1701 488 1252 252 1195 1706 2124 1965 691 2065 1426 1168 1918 1289 654 1420 1485 528 2136 723 607 2038 1037 2196 2025 1282 2042 1328 1142 415 2116 665 
933 190 269 1088 240 1766 1091 2269 285 2153 1291 66 1656 1772 402 1729 445 2242 2093 917 689 760 890 2002 453 35 2266 2016 1925 223 1974 300 1093 1352 1895 2112 2354 44 1884 1685 761 2000 1970 483 1551 1849 1159 1005 102 629 2133 1571 1034 419 258 
1504 243 1424 1783 1690 839 435 637 569 1273 2193 1330 153 498 166 631 1099 2209 1209 1368 444 423 1000 138 1028 1359 827 543 1450 1937 146 2325 1534 599 463 1324 2072 2018 1635 626 1322 1452 3 2000 2038 413 1119 2189 815 1215 1447 1856 652 898 1571 
1095 1177 2319 221 1446 1848 598 2063 549 912 658 163 727 906 1907 1060 1134 1211 2009 2086 1391 740 84 1496 1296 1124 128 488 565 433 1607 1537 1657 749 2059 1975 1688 805 365 682 564 935 1719 1279 1617 1620 1849 894 1556 2399 1034 1740 1715 1312 870 
1647 373 113 266 1439 1385 2243 15 509 104 979 2177 1632 288 1874 1368 1404 1767 1900 332 366 67 523 1084 1397 127 423 890 1553 1781 1503 422 1277 534 356 1604 1638 1365 1918 443 1228 1581 100 544 2089 1264 956 2105 915 1592 1709 1042 140 1809 53 
459 34 2102 1596 355 1812 303 19 822 1768 2114 1930 1961 1559 1788 1362 312 470 484 1807 610 1031 1252 129 1637 137 587 1096 423 856 767 896 803 1104 2278 1065 2162 1803 1764 2217 702 728 2265 2329 289 1944 294 2136 802 1666 1149 687 1224 1328 861 
1679 1242 1793 1845 567 1444 1768 94 498 1327 246 285 1004 858 2093 2191 719 571 470 1909 2222 1790 1609 543 936 1606 165 774 416 33 1637 65 676 660 819 12 2223 651 2059 46 659 2329 6 526 1298 1620 1983 2080 948 1102 2365 2036 798 2202 652 
2270 301 265 1957 468 1073 2227 1501 899 328 1434 1200 1519 159 1027 434 707 349 2382 2387 2184 1945 834 2254 2154 160 533 21 1637 795 1478 2128 112 1638 930 1321 2216 1837 741 2245 2066 7 1787 1286 2208 318 347 872 876 2304 2110 915 1770 1585 142 
914 461 337 1516 499 2051 684 1153 1091 29 1475 1407 1818 1305 176 1213 2012 484 2009 1139 340 2195 416 1940 646 1 88 286 2182 535 128 1777 1180 2246 1069 1859 2234 77 2162 295 1944 1540 526 1791 380 450 187 1804 1624 152 121 111 1092 600 1605 
1708 364 459 430 1137 1596 66 1818 1858 1398 1004 653 1891 2275 2228 473 2034 1693 2053 1469 367 1974 262 588 433 1703 1606 297 834 127 2016 421 353 1271 2354 966 741 2395 2380 2192 483 2025 617 1026 46 723 136 2245 2337 737 1436 849 1636 140 1543 
461 1177 139 618 921 1766 517 108 1004 1996 1061 1411 868 66 1929 2170 505 949 1441 1991 510 1925 1506 146 2046 1703 129 1704 1421 1325 1359 431 1148 1895 2120 1493 2246 1980 1917 428 2342 1286 705 2389 2045 852 2300 2085 2272 419 1378 150 458 2036 1447 
247 1561 1137 2226 351 934 1755 2257 2153 163 2275 15 500 1868 432 721 103 1899 470 1788 2028 2178 223 587 2369 1936 2137 1953 533 1084 1925 1817 22 2234 1287 953 2171 2122 2112 813 1814 2245 544 1136 1844 1717 2192 1749 1886 962 1712 952 287 572 717 
895 556 1230 777 1241 1718 792 1305 2269 1629 108 2188 182 314 1229 1909 2040 892 1500 1531 330 1965 2178 2028 1730 1754 1778 1456 1790 1969 1692 2096 1644 1774 1491 11 109 60 227 1698 1602 544 2267 617 678 1190 1197 778 1902 717 1328 2147 1821 2220 121 
117 694 2251 1039 1504 2062 553 167 899 328 2098 978 822 1877 30 1362 497 2139 1693 1645 1723 21 1406 1043 843 535 1387 2294 1317 656 1438 1380 279 93 1918 1360 1168 370 2278 2160 2164 1247 486 155 3 1746 519 1274 2386 1445 2362 2081 962 629 1135 
550 1745 2135 1894 2226 1113 104 988 1519 1724 1458 198 2317 1750 1181 376 1006 1878 1435 1404 984 2154 427 162 1222 1730 2178 456 1606 340 2043 79 22 365 2171 1896 1275 2380 1535 1749 538 347 1255 2320 705 659 617 264 2029 1490 2386 1126 1333 791 258 
1596 1848 921 73 482 647 1501 1823 182 598 1608 2073 1494 845 1268 551 492 354 661 30 438 578 646 362 1207 1606 33 494 43 49 1419 1908 63 1313 854 611 1695 370 636 1620 894 187 1834 2094 1202 1545 1562 2368 1120 2357 156 1507 1300 458 952 
847 265 878 369 1113 2051 783 57 653 1691 2027 2308 386 1347 1481 2012 2173 632 331 2382 901 1937 2168 262 2397 1 165 2154 1674 494 335 1413 794 1918 651 1074 1892 1299 2376 992 944 1202 1255 318 2000 1485 2300 916 317 1856 1466 635 304 1170 612 
1320 2236 1659 710 1675 1088 601 327 1001 509 671 2172 2243 858 8 1006 1441 961 1219 1078 1606 1 2033 587 115 821 1325 703 557 1652 1925 708 1307 44 611 947 420 1250 1515 6 1943 1941 825 1165 61 723 2370 1830 107 2109 98 815 915 1251 2205 
1385 2270 806 633 530 1355 391 2073 1161 1401 238 733 2331 2061 432 1229 1465 1032 280 1968 1383 423 2075 2028 1965 703 2174 1510 903 1953 1259 1429 816 1552 552 930 1492 1773 388 2217 2014 1255 1008 1943 2370 51 1717 2197 451 1851 785 612 2297 615 72 
829 301 221 468 2084 576 2143 792 1023 758 2308 2114 549 1449 1082 1219 1368 721 2003 2228 252 1207 974 1637 1084 936 13 35 932 2282 127 1414 1758 1175 514 1539 534 448 654 649 518 387 443 677 2017 525 705 2329 1288 1194 841 1155 2163 1856 2116 
336 1188 2127 1214 2145 214 546 238 865 94 732 1347 2317 765 1824 2012 2139 2392 1536 1662 1790 1546 2302 2047 1754 1157 1028 33 856 1267 91 1771 2156 854 1577 293 994 1036 93 1844 2058 1941 2374 1648 491 924 872 136 1436 2365 876 638 1952 1533 156 
1505 692 934 633 1995 1689 464 159 1458 882 1629 2134 1554 597 1678 1057 1343 2161 1984 707 983 1157 920 1317 1754 919 786 252 1743 2254 2146 1796 622 420 2112 2126 211 1336 1555 1943 307 1197 443 413 486 2017 1630 26 962 276 1986 990 1571 698 111 
336 177 1831 2261 1385 1474 2190 1800 1501 384 182 2321 1524 2073 1531 1678 1319 392 1418 1010 1701 147 14 1754 2043 35 911 146 901 1832 2154 1151 695 805 1971 429 1360 1896 2249 2360 1183 2149 617 1265 347 271 207 2310 168 329 2316 560 1236 2060 604 
1417 2371 1073 921 647 1113 590 2315 1079 1233 110 108 1524 2241 1929 1529 1213 1935 750 1810 919 1506 840 1387 627 125 2254 488 188 2168 974 2393 1910 1111 1460 1083 1721 1990 1774 295 626 1717 2207 2326 2208 2267 634 1616 672 2218 1167 2198 600 568 2110 
