-1 -1 -1 -1 -1 -1 -1 -1 -1 -1 -1 -1 -1 -1 -1 -1 -1 -1 -1 -1 -1 -1 -1 -1 -1 -1 -1 -1 -1 -1 -1 -1 -1 -1 -1 -1 -1 -1 -1 -1 -1 -1 -1 -1 -1 -1 -1 -1 -1 -1 -1 -1 -1 -1 -1 -1 -1 -1 -1 -1 
78 61 63 73 75 7 72 76 15 69 1 64 3 6 14 77 60 4 2 62 25 89 23 32 22 87 80 36 83 90 29 98 35 99 33 91 82 27 88 24 101 42 48 115 52 102 109 106 111 43 107 110 49 44 104 58 54 105 47 56 
77 70 64 76 62 10 74 7 79 11 65 66 63 2 9 13 72 17 60 18 80 28 91 35 85 87 82 25 99 95 29 38 21 94 34 20 31 36 30 98 101 59 103 58 53 111 106 51 48 118 116 44 57 114 52 112 109 117 49 56 
3 75 61 17 5 76 71 12 72 8 16 2 60 9 13 73 66 1 18 11 28 96 36 39 38 91 20 86 35 33 90 80 89 29 21 97 85 27 31 98 115 101 49 108 113 107 104 48 45 52 109 55 110 102 54 116 103 119 53 47 
16 0 4 1 7 66 65 63 14 61 67 74 68 73 75 77 19 10 6 70 37 95 36 21 33 86 97 92 39 82 98 94 31 88 24 35 23 20 85 84 54 52 101 44 110 118 113 111 45 115 107 49 102 55 41 104 103 56 100 43 
63 19 61 4 78 1 2 17 10 60 65 67 64 73 62 71 5 12 66 75 37 22 95 84 80 96 21 97 24 28 34 89 30 99 90 25 92 38 29 31 104 102 103 105 45 59 114 50 118 108 49 109 47 40 43 42 110 57 106 54 
66 13 18 71 19 61 8 73 15 69 76 14 79 12 16 60 3 65 62 9 38 29 82 22 23 97 92 24 28 33 27 81 95 30 80 85 83 84 87 20 105 103 46 109 52 101 55 102 40 48 45 115 58 51 44 42 107 49 110 106 
4 67 8 65 73 7 61 60 71 10 13 72 5 3 14 66 17 70 19 79 86 34 28 35 25 96 83 82 85 27 81 21 93 98 36 30 22 95 26 37 58 59 112 101 114 48 55 57 107 44 103 51 117 41 116 118 49 119 40 109 
66 61 68 77 62 19 16 69 79 7 14 13 1 76 12 5 70 2 9 74 30 21 31 95 94 37 86 93 34 27 90 87 29 88 82 25 85 20 38 22 108 100 56 54 59 46 52 101 119 112 118 47 49 42 48 43 114 103 106 111 
16 62 3 15 68 17 1 0 19 72 60 14 67 8 9 70 77 2 71 64 20 81 27 89 31 21 82 32 83 93 22 90 99 25 98 30 39 29 23 95 112 57 114 40 44 48 59 55 43 47 100 104 115 108 50 54 116 53 58 106 
7 2 64 14 60 76 17 3 18 63 10 8 1 71 4 70 79 67 9 69 32 85 89 80 91 36 84 23 86 39 92 88 35 87 99 30 31 95 34 98 46 56 117 111 104 118 44 55 106 108 107 48 109 45 102 53 112 43 57 115 
74 15 4 0 13 19 3 68 1 69 76 65 75 67 77 62 64 17 60 5 89 26 34 24 82 90 97 30 94 27 96 93 37 99 91 95 98 29 36 25 102 51 59 44 115 41 42 57 116 112 113 119 40 52 54 110 104 58 108 43 
70 3 2 63 18 7 75 6 12 74 65 73 78 67 13 64 15 72 16 10 84 26 31 90 36 80 28 37 86 85 87 24 82 99 33 30 23 39 32 21 106 105 116 47 52 108 42 58 114 57 51 45 49 53 101 119 110 104 56 59 
8 67 6 66 70 62 74 72 7 69 15 71 17 61 2 1 63 79 68 3 93 27 22 36 39 21 32 97 91 37 29 83 90 89 94 35 23 84 33 85 57 40 56 44 110 46 104 55 106 100 101 105 103 45 119 59 118 47 41 50 
64 65 7 74 60 75 19 72 8 76 61 78 3 70 12 68 10 5 62 4 97 24 38 89 26 36 81 93 99 32 29 86 28 85 94 87 31 98 95 27 118 114 59 45 57 103 54 55 40 106 58 46 113 42 44 49 112 110 43 50 
6 70 77 60 3 11 8 14 68 66 15 18 67 73 71 12 0 69 16 17 32 30 92 20 96 84 88 93 23 89 34 91 87 22 35 39 94 28 27 85 42 59 47 117 109 119 116 112 49 58 118 114 52 102 46 110 54 40 48 41 
19 69 68 60 0 2 77 13 8 62 66 64 65 10 5 78 9 73 76 70 39 97 82 87 29 36 24 81 90 32 37 21 94 89 98 88 31 34 92 33 55 45 109 105 41 51 56 52 43 40 50 107 59 44 116 54 113 118 42 111 
5 72 73 75 17 69 66 11 71 4 63 70 78 67 2 60 15 9 65 7 99 95 22 33 94 88 38 32 90 35 80 28 26 27 87 36 97 24 29 30 53 59 116 114 104 54 58 55 57 45 110 56 40 48 105 111 119 51 113 115 
72 61 78 9 79 4 16 71 3 19 10 62 14 13 18 7 5 1 65 8 36 82 85 35 89 87 20 93 30 32 96 95 27 98 83 84 22 34 21 92 117 53 108 111 110 40 55 57 119 109 106 56 51 46 52 58 100 41 48 44 
0 76 15 18 66 17 16 71 13 8 7 67 65 64 19 63 3 68 12 1 38 39 84 86 35 31 29 28 83 99 21 37 93 98 81 95 22 25 23 92 52 42 40 57 100 113 104 105 102 118 119 41 107 51 109 110 49 44 56 55 
16 11 78 73 69 62 10 79 8 64 19 12 68 3 15 60 9 70 63 75 22 84 23 20 97 85 37 34 26 27 86 95 91 28 21 90 31 35 82 88 42 48 56 101 45 46 115 118 59 50 113 116 111 105 57 117 103 41 119 51 
66 70 67 69 12 3 9 62 68 1 11 65 13 79 77 8 15 61 63 60 28 30 27 39 90 85 25 86 34 96 21 84 94 32 80 20 31 26 24 82 51 49 41 55 43 47 117 112 58 101 53 54 40 57 56 44 109 45 110 42 
66 12 72 8 76 60 65 79 17 74 70 11 15 67 78 73 4 9 77 19 23 81 26 33 32 39 97 86 37 28 21 93 38 87 82 99 83 89 88 91 114 106 104 57 116 49 55 46 48 40 53 105 118 56 107 111 117 58 54 42 
1 74 63 61 17 5 10 7 6 73 16 14 8 13 9 68 69 19 0 75 98 86 92 24 82 38 31 89 94 93 28 20 99 21 96 37 22 97 87 91 118 48 42 44 58 109 41 103 52 46 43 51 117 100 54 107 108 110 119 113 
13 3 79 74 1 62 63 5 70 12 19 67 73 11 61 15 16 76 64 78 33 87 98 25 26 34 23 96 28 89 81 86 24 37 22 97 85 82 83 84 56 52 108 101 58 51 102 106 42 104 46 47 112 103 48 45 43 55 113 109 
18 72 68 2 9 79 78 16 67 66 13 17 11 14 63 19 15 70 7 75 28 93 22 91 82 88 21 36 98 99 27 23 38 39 95 25 31 85 34 37 44 117 118 106 54 42 119 115 41 58 108 101 104 53 114 113 102 56 100 105 
11 15 76 74 78 62 19 63 12 66 60 5 16 67 14 10 18 71 73 3 29 86 24 39 89 99 31 98 36 30 82 92 87 95 85 38 22 94 25 26 56 111 42 45 119 107 116 108 110 43 102 100 53 49 113 104 112 48 41 40 
66 5 4 60 12 67 6 0 69 65 2 62 14 18 11 70 79 68 7 73 85 97 87 21 81 36 92 24 86 28 80 91 99 29 20 84 22 26 27 23 115 40 116 53 48 55 47 44 106 102 52 118 56 42 104 50 111 59 119 51 
69 60 66 76 63 19 18 79 62 72 2 67 68 5 65 8 61 12 73 0 20 31 85 92 99 83 94 97 21 28 93 81 98 39 36 25 38 91 23 96 100 114 109 117 115 111 44 105 53 51 52 45 58 106 56 108 113 48 55 47 
7 1 65 62 16 66 68 10 73 0 70 63 60 12 77 11 17 67 14 78 20 34 21 90 82 97 36 33 37 27 95 35 22 94 96 30 31 81 93 24 41 47 111 45 46 57 101 54 49 115 40 105 53 50 100 51 112 107 102 103 
