-1 -1 -1 -1 -1 -1 -1 -1 -1 -1 -1 -1 -1 -1 -1 -1 -1 -1 -1 -1 -1 -1 -1 -1 -1 -1 -1 -1 -1 -1 -1 -1 -1 -1 -1 -1 -1 -1 -1 -1 -1 -1 -1 -1 -1 -1 -1 -1 -1 -1 -1 -1 -1 -1 -1 -1 -1 -1 -1 -1 -1 -1 -1 -1 -1 -1 -1 -1 -1 -1 -1 -1 -1 -1 -1 -1 -1 -1 -1 -1 -1 -1 -1 -1 -1 -1 -1 -1 -1 -1 -1 -1 -1 -1 -1 -1 -1 -1 -1 -1 
282 461 166 527 121 195 276 177 500 263 556 231 285 242 230 483 366 269 258 193 1065 1133 813 809 1154 788 1068 1182 828 861 705 903 655 815 845 692 32 793 786 37 1553 1532 1568 1379 1353 1540 1615 1391 1613 1506 1491 1332 1502 1260 1565 1219 1251 1527 1547 1481 1775 1717 2048 1964 1709 1692 2013 1928 1875 1639 2172 2037 2206 1878 1974 1807 1891 1793 2043 1819 2276 2286 86 2399 2448 2337 2289 2345 2222 2351 2497 2315 2292 2332 2422 2515 2290 94 2481 2320 
530 327 171 178 106 224 424 467 332 483 14 475 542 103 465 213 360 350 338 246 814 888 1072 962 599 999 952 668 670 921 683 36 1060 998 707 955 851 1130 892 654 1443 1413 1240 1581 1260 1414 1584 1232 1512 1595 1409 1494 1362 1587 1622 1598 1592 1575 1406 1552 2142 1631 1891 2042 61 1940 1927 1976 2172 1897 1827 1980 2176 2044 1757 2163 2193 2181 1943 1961 2296 2314 2349 2467 2337 2414 2264 2332 2452 2335 2474 2225 2439 2303 2479 2261 2308 2226 2325 2334 
386 499 371 426 12 18 339 410 491 5 323 447 276 7 305 279 544 363 556 258 631 932 649 984 1177 822 607 1094 928 747 624 636 769 1148 1031 1182 663 833 698 877 1610 1468 1559 1552 1373 1547 1464 1530 1539 1501 1583 1306 1567 1561 1268 1564 1598 1589 1569 1308 2166 1714 2000 2107 1799 1652 1818 1909 2096 70 1867 1672 1794 1894 1770 2144 1668 1898 1823 2129 2452 2296 2497 2409 2390 2489 2295 2486 2378 2314 2515 2236 2368 80 2416 2315 2414 2389 2288 2287 
545 4 169 520 371 346 407 6 490 417 498 152 448 9 195 179 123 354 356 100 733 1025 651 586 1183 866 672 709 859 905 597 779 1009 728 989 564 1045 1024 952 982 1471 1523 1339 1352 1238 1508 1405 1234 42 1249 1253 1389 1487 1425 1584 1254 1302 1571 1443 1566 63 2029 2122 2002 1955 1678 1777 2154 1644 2205 1634 1850 1904 1812 1901 1989 1694 1641 1969 2152 2262 2389 2238 2291 2512 2395 93 2490 2315 2254 2445 2453 2398 2253 2522 2255 2301 2355 2222 2351 
374 358 518 298 219 218 178 473 302 410 150 196 337 415 113 400 187 223 170 246 1029 1203 667 23 726 806 659 1014 1135 937 737 579 742 1037 717 799 639 1019 795 864 1264 1604 1213 1279 1421 1561 1612 1497 1419 1275 1271 1436 54 1403 1381 1598 1319 1433 1431 1467 1666 1858 2020 61 69 1724 1988 1922 2009 2086 1701 1716 2113 2158 1690 1879 1944 1692 2138 1801 2389 2461 2312 2518 2326 2281 95 2345 2426 2364 2214 2255 2435 2509 2247 91 2286 2462 2445 2334 
104 276 329 202 338 153 550 291 177 353 385 234 133 265 257 509 198 538 483 548 812 706 599 881 1014 1138 683 1032 613 883 1009 695 1158 897 748 989 685 34 682 1024 1228 1605 1415 48 1456 1299 1481 1324 1389 1585 46 1342 1398 1287 1519 1440 1510 1317 1473 1543 1807 2034 1662 1936 1891 1632 1735 2055 1946 1710 1699 1684 1756 1750 2099 1892 1819 1700 1980 1983 2471 2324 2269 2231 2347 2323 98 83 2425 2449 2260 2465 2494 2463 80 2247 2475 2359 2271 2460 
362 149 397 134 187 470 298 318 253 306 233 315 350 410 537 412 291 186 465 516 1089 654 1006 705 1209 875 658 632 745 566 1126 879 1079 920 676 939 701 991 803 892 1447 1427 1482 1614 1319 59 1592 1498 1594 1310 1260 1588 1462 1324 1451 1407 1507 1254 1506 1534 2158 1858 1725 2206 1992 1700 2014 1861 2096 2059 2115 1722 1682 1865 2126 1640 2156 2183 2179 1810 2245 2337 2252 2213 2436 2388 2390 2269 2293 2455 2505 2268 2281 2361 87 81 2521 2295 2491 2306 
217 505 487 376 435 402 314 537 15 289 155 490 466 320 251 313 316 297 347 281 1073 819 814 820 910 749 758 974 1051 602 646 778 952 625 1003 828 942 941 1142 738 1286 1480 1614 1320 1404 1524 1613 1603 1616 1373 1579 1296 1347 1575 1494 1585 1359 1235 1406 57 2204 2002 1876 1953 2133 2190 1728 1649 1814 77 1957 2040 1736 2084 1637 1908 1903 1786 2132 66 2327 2475 97 2363 2219 2211 2293 2457 2500 2295 2439 2470 2345 86 2433 2477 2322 2360 2417 2425 
326 174 248 468 7 432 526 19 150 284 126 541 224 556 327 202 243 354 170 456 1174 940 1156 1200 685 813 721 1082 708 1184 1036 953 910 852 24 756 693 707 1092 1039 1439 1383 44 1224 1595 1535 1615 1305 1476 1514 1386 1587 1564 1264 1510 1507 59 1226 1297 1378 1725 1750 1734 1883 1972 2190 1747 2151 1876 1666 2101 1912 1810 2119 1839 1974 1745 2067 1981 1994 2317 2311 2273 2434 2331 2276 2371 2308 2470 2280 2228 2427 2220 2272 2262 2249 2241 2279 2465 2282 
240 427 435 330 204 279 222 389 417 382 261 200 116 260 307 465 455 498 550 117 1023 966 1102 884 1113 1185 649 1178 601 831 991 963 708 867 968 1047 776 1151 922 573 1360 1487 1341 1246 1617 1351 1568 44 1628 1462 1375 1326 1379 1382 1452 1336 1264 1591 1235 1372 2163 2040 2201 2004 1921 2026 1884 1642 1682 1692 1657 1970 68 1713 1796 1664 1689 2160 2030 1685 2294 2445 2512 2468 2523 2290 2223 2339 2374 2314 2402 2335 2421 2287 2357 2446 2255 2228 2279 2470 
428 164 450 424 5 157 248 171 499 475 463 220 461 476 364 197 201 118 326 469 904 795 1033 991 597 633 769 1089 1039 845 962 937 919 840 992 819 1077 701 1036 797 1578 1511 1469 1592 1249 1524 1599 1473 1416 1448 1213 1390 1317 1407 1500 1555 1257 1251 1368 1222 1845 2207 1901 2000 2195 1952 1931 1692 1951 2204 2141 2166 1979 1743 1735 2155 1850 1733 1796 66 2364 2521 2486 2333 2387 2258 2425 2480 2230 2271 2362 2414 2298 2483 2388 2416 2330 2458 2248 2290 
332 212 146 547 426 519 499 218 122 480 168 243 379 376 319 371 114 463 546 372 1046 636 628 626 892 1108 899 910 718 1182 1003 956 957 938 659 662 755 1189 952 1072 1335 1231 46 1407 1233 1288 1430 1227 1621 1236 1455 1601 1361 1624 1575 1396 1277 1629 1399 1349 1871 2103 1995 2045 2198 1662 2150 2192 77 1861 1945 2116 2061 2012 2060 1992 2094 1977 1777 1631 2242 2429 80 2282 2351 2441 2432 2260 2347 2463 2353 2241 2279 2339 2436 2462 2361 2288 2240 81 
321 470 101 509 199 282 453 9 428 385 171 268 359 546 235 492 417 356 533 313 853 1200 975 599 824 640 28 1099 692 1085 932 571 1083 994 974 560 598 1211 588 617 1538 1423 1353 1476 1245 1300 1247 1557 1266 1597 1581 1507 1518 1575 1540 1352 1527 1626 1588 1213 1963 1728 1878 1817 2109 1975 72 1796 1783 2095 68 1897 76 2081 1710 1968 2059 1748 2203 1708 2509 2329 2496 2394 2425 2470 2322 2507 2463 2451 2409 2430 2244 2480 2271 2348 2273 2266 2487 2257 
148 429 428 536 545 418 474 291 459 296 375 330 521 383 514 292 377 248 282 227 1118 696 978 24 1080 877 1094 657 1097 774 658 599 1049 561 33 1069 921 1131 663 1062 1541 1509 1472 1278 1583 1339 1572 1406 1544 1448 1233 1241 1372 1555 1398 1394 1523 1478 46 1314 2038 1630 1673 1957 2066 1751 1921 1679 2109 1982 1972 2147 1728 76 1951 1908 2116 1985 2041 2070 2498 2468 2306 96 2290 2222 2278 2271 2284 2253 2247 2321 2224 2305 2394 2469 2212 2490 2510 2214 
278 448 117 314 284 272 537 329 248 164 174 202 478 103 405 447 530 212 465 432 915 602 1029 918 558 709 942 752 579 956 898 840 798 784 592 953 990 678 742 1025 1510 1245 1409 1472 1584 1487 1299 1405 1594 1476 1263 1314 1394 1511 1300 1449 1463 1550 1544 1281 74 1762 1795 1664 1749 1710 1727 1799 1788 2047 69 2073 1881 1715 1720 78 2194 2164 1672 1951 2416 2430 2341 2494 2500 2218 2446 2310 2288 2490 2512 2447 2438 2392 2488 2374 2459 2321 2402 2380 
253 434 296 178 418 222 424 198 187 412 229 528 111 142 249 182 281 215 337 501 1211 830 1189 809 1135 712 654 1045 1167 873 1200 956 826 941 989 855 961 1024 782 1030 1547 42 1507 1390 1616 1234 57 1555 1476 1573 1297 1254 1275 1498 1554 1391 1240 1396 58 1384 1730 2052 2207 1777 2175 2177 1861 2101 2079 1965 1732 1911 76 2172 1960 2189 1855 1753 2165 1979 93 2373 2222 2285 2228 2246 2466 2398 2425 2350 2254 2387 2242 2378 2286 2488 2401 2291 2375 2365 
531 139 297 345 514 508 517 375 343 108 233 350 436 261 545 532 466 382 529 390 837 857 1192 609 742 773 976 664 779 616 805 1155 1026 1145 859 986 1059 1107 1210 698 1572 1622 1419 1441 1351 1542 1596 1472 1413 1411 1280 1523 1420 1305 1417 1524 1360 1474 1463 1423 1647 2073 2105 1902 1665 1749 1825 1906 1662 1818 2171 1807 2016 2063 1811 2205 2181 2128 2103 2083 2374 2368 2499 2376 2235 2243 2438 2335 2257 2285 2446 2302 2518 2490 2242 2228 2287 2440 2459 2365 
214 152 216 376 432 113 309 264 19 0 259 335 220 318 435 200 244 14 182 277 591 1211 813 801 952 629 1015 1104 758 640 886 704 1208 29 635 622 829 988 983 768 1596 1391 1454 1444 1332 1272 1362 1531 1418 1222 1280 1334 1542 1592 1487 1425 1309 1532 1587 1567 2126 2010 2058 1998 2011 1885 2140 1840 1978 2170 1768 2075 1877 2084 1994 2169 2067 2121 1874 1918 96 2431 2464 2503 2509 2488 2376 2471 2483 2248 2414 2306 2460 2487 2331 2313 2218 2440 2348 92 
544 329 252 258 439 358 530 248 254 166 123 526 548 265 188 282 193 272 511 163 1084 584 609 878 615 1093 886 757 657 1190 922 671 663 1185 855 1010 966 931 577 1203 1444 1376 1582 1555 1482 1515 1294 1533 1478 1588 1237 1332 1572 1400 1346 1439 1216 1523 1374 1411 75 2113 2005 1850 1837 1907 2131 1838 2132 2172 1728 1985 2123 1696 1789 1836 2108 1979 2187 1997 88 2318 2263 2457 2502 2355 2396 96 2218 2374 2456 2369 2441 2421 2379 2377 2250 2521 2339 2217 
9 238 483 476 304 485 408 478 174 202 389 284 508 459 129 128 328 453 142 455 766 972 758 869 812 942 679 889 770 792 1174 1102 1055 815 895 952 25 735 1153 903 1254 1579 1225 1497 1362 1214 1535 1464 1244 1482 1236 1407 1346 1308 1568 1439 1534 1329 1409 1355 2199 1745 1677 2146 2067 2033 1795 1748 2190 1631 1760 1838 2065 1681 1822 1706 2184 2202 1792 1834 2404 2355 2408 2267 2520 2501 2363 2467 2289 2360 2372 2519 2365 80 2394 2316 84 2278 2323 2327 
410 202 158 324 475 346 231 362 420 275 522 478 401 303 294 304 495 554 493 355 768 1096 591 908 1090 1045 862 864 923 1154 732 1028 756 685 718 949 1094 658 563 777 1313 1460 1257 1414 1542 1322 1278 1570 1422 1476 1459 1512 1456 1458 1366 1576 1593 1219 1308 1563 1675 1655 1697 2058 1837 1677 1987 1840 2103 2075 2170 1765 1847 2102 1985 1841 70 1962 1662 1685 2339 2473 2218 2520 2468 2345 2282 2368 2489 2372 2337 2378 2455 2229 2316 2415 2275 2486 2477 2374 
426 107 270 203 411 461 122 324 243 422 463 260 247 427 428 245 175 405 437 476 731 1208 851 821 690 1185 725 746 837 1038 611 1161 894 788 1102 32 631 750 1016 1027 1285 1625 1568 1593 1377 1581 1588 1305 1466 1331 1257 1438 1289 1597 1509 1458 1383 1590 1242 1304 1958 2023 1711 1733 2114 1847 1723 2053 2006 2209 2186 1749 1780 1676 1922 76 71 1741 1865 2105 2518 2462 2453 2377 2494 2328 2313 2370 2384 2332 2477 89 2302 2216 85 2488 2497 2347 2436 82 
545 543 452 333 253 528 165 359 283 300 261 323 231 501 438 108 388 246 266 475 908 689 715 29 1010 825 1032 991 815 959 1021 708 896 690 932 889 1195 673 1131 635 1272 46 1488 58 1365 1594 1480 1463 1469 1399 1364 1281 1605 1429 1526 1244 1424 1291 1366 1577 1977 1999 1807 66 1675 2198 2087 1719 63 1947 2015 1808 2032 1960 1751 2089 1788 1766 1955 1707 2341 2410 2500 2340 2225 2217 2379 2250 2449 94 2380 2461 2518 2325 2359 2241 2507 2264 81 2363 
516 173 115 487 541 175 367 393 463 236 546 377 457 549 385 458 358 326 496 309 803 1210 1118 1121 874 569 34 950 598 560 1012 749 1169 1145 1164 594 1154 1047 860 623 1381 1391 1231 1623 1486 1415 1575 1390 1434 1504 1302 1493 1362 47 1540 1224 1576 1366 1564 1332 2050 1696 1711 2075 1871 2113 1746 1804 2028 2160 1630 1879 1844 1747 1853 1949 1716 1770 66 1748 2378 2517 2523 89 2498 2228 2399 2356 2368 2271 2442 2364 2246 2384 96 2310 2292 2287 2377 2335 
374 459 420 273 494 356 306 315 446 335 242 349 10 115 100 268 288 347 143 260 1012 1026 787 667 668 1041 757 639 1016 710 703 815 631 982 627 671 1132 728 665 1023 1487 1568 1268 1399 1329 1252 1506 1567 1581 1627 1416 1459 1348 1227 1454 1334 1327 1320 1472 1457 1735 1740 1832 1964 1732 2081 1661 1703 2032 2088 1830 2047 2038 2016 2210 1808 1938 71 1969 2199 2491 87 2339 2463 2296 2269 2266 2300 2444 2366 2355 2297 2308 83 2426 2310 81 2314 2283 2294 
10 483 427 404 263 196 222 382 188 249 342 538 486 511 273 360 232 424 378 284 582 21 1030 1151 1181 949 810 1188 984 594 1167 606 560 888 1015 771 956 802 1179 808 1283 1503 1375 1242 52 1348 1333 1326 51 54 1531 1244 1245 1301 1516 1530 43 1219 1243 1282 1677 1634 2174 1674 1885 1836 1736 1992 1812 1822 1664 1765 2022 1753 2006 1723 1887 1903 1758 1901 2289 2431 2462 2488 2342 2314 2430 2390 2499 2253 2477 2503 2252 2414 2327 2406 2339 2497 2312 2301 
376 305 120 250 292 414 291 201 374 117 181 434 279 252 324 377 240 354 128 151 794 1205 855 1177 802 1164 1118 1124 664 1033 680 1135 1116 570 708 692 1097 1188 733 982 1628 1238 1504 1471 1303 1265 1259 1537 1566 1368 1572 1557 1385 1256 1595 1394 1269 1561 1603 1435 1742 1660 1958 1918 1774 2061 1872 78 67 1828 2182 1638 2102 1857 1849 1680 1796 1634 1826 2206 2400 2250 2248 2249 2429 2483 2393 2446 2327 2504 2285 2461 2257 2466 2378 2335 2383 2402 2334 85 
253 290 365 266 466 275 233 175 7 441 541 147 170 5 17 374 246 256 282 437 740 642 637 977 852 1016 782 1001 1055 1058 848 576 36 1206 1211 599 750 1141 992 951 1435 1420 55 1285 1272 1600 1529 1258 1227 1322 1236 1513 1467 53 1400 1241 1369 1293 1331 1395 1671 2165 1842 1687 1808 1672 2139 2105 2025 1880 66 2127 1792 2166 2174 2164 1780 2093 2146 2046 2225 2514 2219 2340 2423 2472 2238 2492 2282 2329 2335 2313 2450 2252 96 2295 86 2522 2357 2215 
244 8 127 371 226 419 310 472 156 417 327 357 0 266 183 498 523 311 342 7 667 617 665 1079 826 807 1009 571 802 752 23 26 1149 1130 846 749 709 747 1113 671 1577 1586 1412 1536 1302 1386 1265 1618 1269 1573 1447 1262 1391 1296 1442 1482 1246 1425 1372 1371 2142 1991 1887 1935 2109 1669 1945 1651 2039 1781 1714 1778 2100 1738 1718 1957 60 1727 1862 1697 2311 2360 2278 2364 2245 2246 2338 2503 2312 2285 2366 2269 2513 85 2484 2301 2315 2428 2440 2216 
