-1 -1 -1 -1 -1 -1 -1 -1 -1 -1 -1 -1 -1 -1 -1 -1 -1 -1 -1 -1 -1 -1 -1 -1 -1 -1 -1 -1 -1 -1 
31 34 32 33 4 35 42 9 37 38 36 39 12 13 16 14 44 19 21 49 51 26 27 55 48 18 29 23 54 52 
2 1 34 30 0 10 8 6 9 41 11 35 36 13 46 14 44 59 57 54 28 26 27 29 51 18 53 21 17 23 
31 30 1 3 33 5 43 40 35 39 6 9 41 47 16 46 44 26 51 58 25 24 28 55 29 52 59 48 27 53 
30 4 1 31 0 39 38 6 43 11 10 9 12 45 46 14 13 19 50 27 51 20 58 52 23 48 18 25 55 53 
3 4 2 33 30 40 6 11 9 39 5 7 36 44 45 14 15 29 57 56 52 27 48 55 54 26 28 25 19 50 
2 33 30 0 3 9 40 42 7 39 41 36 12 16 44 15 47 58 48 22 26 56 24 17 50 49 53 23 59 55 
0 1 34 3 32 35 7 36 40 42 9 11 38 46 47 13 15 28 19 25 48 56 52 55 29 18 51 54 24 53 
30 1 2 33 3 36 41 42 8 6 43 39 35 45 14 15 47 20 54 58 27 55 26 59 21 28 50 25 19 24 
3 33 32 4 2 43 39 40 5 42 36 10 37 47 46 13 44 54 26 49 23 53 48 57 18 19 24 27 52 59 
34 32 33 0 1 38 5 7 35 9 36 39 12 44 14 47 13 17 26 54 56 23 22 24 18 52 50 25 59 49 
1 30 4 0 31 8 35 43 11 39 10 7 40 13 16 14 45 18 27 20 51 50 54 48 52 53 49 29 25 59 
33 0 32 3 34 37 39 6 43 41 36 9 38 47 16 46 14 23 25 18 53 21 54 59 26 52 19 27 20 58 
31 4 32 34 0 38 41 43 36 8 40 37 12 44 46 14 16 48 53 19 49 50 54 52 56 22 29 51 17 20 
4 0 33 1 3 40 43 8 41 39 7 6 35 46 45 44 14 56 53 29 57 23 58 48 24 19 17 27 25 18 
31 33 30 4 32 40 9 39 7 35 8 11 37 47 44 46 16 53 20 56 28 25 26 48 49 19 57 51 23 58 
31 30 33 0 2 12 38 35 7 6 9 8 43 14 46 47 15 19 27 21 51 20 53 28 50 56 29 57 49 52 
34 2 0 32 33 11 6 40 42 7 10 37 35 14 46 47 13 29 50 49 24 59 54 18 57 48 23 27 53 55 
34 3 4 32 2 40 10 42 38 35 41 36 43 16 15 44 14 59 54 23 49 29 19 24 21 53 28 25 20 52 
3 32 0 31 1 11 43 7 39 6 35 40 42 14 13 15 46 23 50 22 27 21 59 49 18 29 54 48 58 51 
33 2 31 4 0 10 37 36 41 8 38 11 40 44 47 13 15 28 56 29 19 52 26 21 51 57 55 49 24 20 
0 4 30 32 31 39 6 11 10 42 36 35 12 14 45 44 13 52 17 25 28 22 48 19 57 23 55 27 50 49 
1 32 0 34 4 39 8 7 37 6 42 36 43 47 13 14 44 58 54 59 20 26 55 22 48 57 25 52 51 28 
30 4 33 1 31 43 42 10 11 7 39 40 35 14 45 15 47 53 28 22 52 57 56 19 59 51 49 27 26 48 
0 4 3 31 34 5 39 11 6 38 8 7 43 15 13 45 47 23 51 17 49 50 55 59 20 24 21 29 25 58 
30 2 4 32 33 43 9 38 7 42 40 5 12 16 46 45 14 49 52 58 48 23 55 20 59 51 24 28 57 56 
3 1 0 32 30 11 43 37 8 9 38 40 12 14 44 16 45 57 27 19 59 58 20 25 48 49 21 28 56 26 
4 34 31 33 1 40 6 11 43 38 35 10 12 44 15 16 46 54 20 57 56 17 55 27 23 50 21 18 52 22 
31 33 3 1 30 9 8 39 36 41 5 40 12 14 46 15 16 57 22 52 58 54 51 28 18 24 17 49 23 29 
2 34 4 0 33 41 39 8 40 43 6 7 38 44 16 46 14 28 17 56 26 22 48 27 29 24 19 21 55 59 
