-1 -1 -1 -1 -1 -1 -1 -1 -1 -1 -1 -1 -1 -1 -1 -1 -1 -1 -1 -1 -1 -1 -1 -1 -1 -1 -1 -1 -1 -1 -1 -1 -1 -1 -1 -1 -1 -1 -1 -1 -1 -1 -1 -1 -1 -1 -1 -1 -1 -1 -1 -1 -1 -1 -1 -1 -1 -1 -1 -1 -1 -1 -1 -1 -1 -1 -1 -1 -1 -1 -1 -1 -1 -1 -1 -1 -1 -1 -1 -1 -1 -1 -1 -1 -1 -1 -1 -1 -1 -1 -1 -1 -1 -1 -1 -1 -1 -1 -1 -1 -1 -1 -1 -1 
106 104 2 109 112 115 7 119 121 8 124 11 129 12 135 15 139 136 141 140 144 147 151 22 154 152 158 159 160 28 31 166 170 33 172 34 179 176 182 38 186 187 43 188 194 195 199 46 48 200 207 205 52 209 213 55 216 219 221 220 60 61 231 62 233 64 239 237 68 242 246 71 248 73 254 252 257 259 261 263 266 265 82 269 272 273 86 278 88 281 284 286 291 93 295 293 97 296 302 99 304 100 102 311 
107 0 109 108 114 115 117 7 123 121 126 125 12 130 134 14 139 138 143 141 20 145 151 22 25 154 158 159 28 160 164 31 168 170 174 34 178 37 182 180 187 184 43 191 195 192 47 199 48 201 204 50 210 52 213 55 56 219 222 220 60 226 230 229 235 233 66 239 69 241 71 247 250 72 75 253 259 76 263 260 80 264 271 268 85 273 87 86 282 89 286 287 291 290 94 292 297 97 300 302 101 306 308 309 
107 105 111 109 114 4 117 116 8 123 127 125 13 129 135 132 136 137 140 143 147 20 23 151 153 154 27 159 29 160 166 30 170 168 174 34 179 178 39 180 185 186 190 188 195 192 47 198 201 202 205 207 208 209 214 55 56 216 220 221 225 227 63 231 233 232 237 236 69 243 244 71 250 72 75 74 257 76 261 78 265 266 271 269 85 273 86 279 280 281 286 284 288 92 294 94 296 297 98 301 306 101 310 103 
0 106 111 108 4 5 117 119 121 120 126 10 12 131 134 133 136 138 18 140 145 147 150 151 155 25 27 158 28 163 166 165 32 170 174 35 178 176 183 180 185 40 42 191 194 195 47 199 201 202 207 205 211 53 212 54 56 219 220 221 61 226 63 228 232 65 66 67 68 240 246 71 251 73 255 253 258 256 262 79 81 266 270 82 84 85 279 86 88 89 91 287 288 93 293 95 96 97 302 301 101 306 311 309 
1 105 3 2 112 114 6 119 121 9 124 125 130 12 135 133 138 136 19 18 145 146 149 23 154 153 27 26 161 162 167 164 32 170 172 175 178 177 182 183 184 41 188 42 192 45 196 199 48 203 204 206 208 209 213 212 56 216 220 223 224 227 229 62 232 235 66 238 241 243 246 71 250 73 253 255 76 258 78 260 264 80 82 83 274 272 279 276 88 89 91 286 92 93 293 294 296 299 302 99 305 100 310 309 
105 106 109 110 115 5 119 116 122 8 11 125 129 13 133 135 138 136 140 18 145 147 148 22 155 24 157 27 29 28 165 166 33 32 174 173 179 37 38 182 187 184 188 189 194 193 47 198 48 202 205 50 208 53 214 215 217 56 220 223 226 61 231 229 233 234 238 236 242 240 70 245 73 72 252 75 258 257 79 260 267 81 271 82 274 84 277 86 281 280 91 287 289 290 293 94 297 96 300 301 100 304 102 311 
105 0 111 3 113 114 119 117 8 120 125 11 13 128 135 15 136 137 142 18 146 145 23 148 153 152 158 27 163 28 164 166 168 32 174 35 176 179 180 182 184 187 188 190 192 193 47 46 48 200 206 50 210 53 213 214 217 219 221 222 226 225 63 229 233 234 66 67 68 240 245 244 248 72 254 75 76 77 262 78 267 264 82 83 274 272 86 276 280 283 286 284 289 290 292 294 298 299 302 301 305 101 311 308 
105 0 109 2 113 5 118 7 120 123 11 124 12 130 132 14 137 136 141 19 146 145 151 23 153 152 156 158 160 161 165 31 171 168 172 34 178 179 39 181 187 185 43 191 45 44 196 198 200 203 206 207 208 209 55 212 56 217 223 59 61 60 231 229 234 233 237 236 240 69 71 70 249 251 253 255 258 76 78 79 264 81 270 271 274 275 277 276 88 282 285 286 291 92 293 95 296 299 301 303 305 306 310 103 
0 104 108 2 4 113 117 118 120 121 126 11 128 129 134 135 137 16 19 18 147 144 149 23 25 155 27 159 160 162 166 164 33 170 172 34 176 178 182 180 184 40 191 43 195 44 197 47 49 48 50 206 209 208 55 215 216 217 222 58 225 227 63 230 232 234 237 67 240 69 246 247 248 250 75 255 77 259 262 261 266 81 268 271 85 273 278 276 281 282 285 286 92 288 94 294 298 297 300 302 101 100 310 103 
107 104 109 111 112 115 116 119 121 8 127 125 12 129 135 133 137 138 142 18 20 145 22 23 155 24 157 27 163 161 166 31 33 170 172 35 177 36 39 180 41 184 43 191 192 194 197 199 201 49 50 206 209 211 212 54 218 56 220 58 226 227 230 231 235 65 66 67 243 69 71 245 249 72 252 255 259 76 261 79 265 267 268 271 85 272 277 276 280 88 90 91 288 93 94 295 299 296 302 300 306 305 308 311 
104 106 3 108 4 113 7 117 121 122 127 126 128 12 133 14 138 17 18 19 146 147 22 148 154 25 157 156 162 163 167 30 32 169 172 35 179 178 181 182 187 41 189 43 45 44 46 199 203 202 206 51 209 53 212 214 216 219 58 59 227 60 63 231 232 234 66 239 240 241 246 71 250 248 253 255 256 76 78 260 81 265 83 268 85 84 276 278 283 88 287 91 289 288 94 95 299 297 98 300 304 101 102 311 
106 107 110 111 114 4 117 118 8 123 125 127 13 12 134 133 16 139 19 143 144 21 149 150 153 24 26 159 29 163 164 167 171 169 35 34 176 179 180 182 186 41 188 42 44 194 46 199 49 203 50 51 208 210 55 54 57 219 59 220 226 224 230 228 234 235 66 67 68 240 245 247 72 251 252 254 256 259 79 78 266 81 270 82 272 275 277 87 88 282 90 285 93 291 292 293 298 296 99 98 306 304 311 103 
104 107 110 111 112 4 117 6 120 8 125 11 12 128 14 132 17 16 142 143 147 144 23 148 24 153 159 156 160 163 166 30 33 169 35 172 178 36 39 183 185 186 188 189 44 194 199 47 201 200 204 205 210 52 212 54 219 217 58 59 226 225 230 229 235 233 237 239 68 240 247 246 248 250 75 252 76 77 261 262 267 264 82 268 272 84 87 278 282 88 90 284 290 289 95 294 97 297 300 303 307 305 311 309 
1 0 109 2 115 114 7 116 8 122 126 125 129 131 134 133 17 16 141 19 147 145 151 22 152 153 159 26 162 160 30 166 170 32 172 34 37 176 182 181 40 185 43 188 45 193 199 196 202 48 204 51 211 208 212 213 56 57 58 222 61 224 229 62 233 65 66 238 68 240 70 71 251 250 75 254 258 256 79 262 80 265 271 269 85 273 276 277 280 281 286 287 288 93 293 292 96 296 301 98 306 307 309 308 
106 1 3 109 115 4 6 118 8 122 124 126 128 129 133 134 16 17 143 142 147 144 150 148 155 25 158 27 160 28 31 164 168 33 35 175 37 177 39 180 185 184 42 191 45 193 199 198 49 203 205 206 210 52 55 213 57 216 58 223 224 226 229 230 235 232 66 239 241 243 246 70 73 251 252 74 256 258 79 262 266 265 268 269 272 274 87 278 282 281 285 90 93 291 293 295 299 97 302 99 307 306 309 103 
0 107 2 108 113 5 7 116 8 123 127 126 128 131 14 135 139 137 140 143 147 146 148 150 152 153 158 159 163 161 166 164 33 171 34 175 176 177 39 38 184 186 190 189 195 44 46 198 202 200 50 204 209 53 212 214 57 56 221 223 60 226 231 63 64 232 237 66 242 68 245 71 249 251 254 252 76 257 261 262 81 265 268 82 85 272 87 276 283 281 90 284 289 92 94 295 299 297 99 300 100 307 103 311 
1 106 2 108 113 115 119 117 8 9 11 124 131 13 15 14 16 137 140 19 144 146 150 149 25 24 158 26 161 29 165 164 170 32 34 175 177 36 181 38 41 186 43 191 45 194 46 47 200 48 50 206 211 210 213 215 57 217 221 223 60 224 229 63 232 65 66 239 69 68 247 245 72 251 75 74 256 76 263 262 265 80 268 83 84 85 276 87 89 281 90 285 291 92 94 293 97 298 98 300 304 101 310 308 
1 107 111 2 112 114 119 7 9 123 125 124 128 129 133 15 17 139 140 142 144 20 149 148 152 154 158 157 29 162 167 30 168 169 173 172 178 177 183 181 185 187 43 42 44 194 196 198 200 202 205 206 211 208 215 212 216 57 220 59 227 225 62 231 234 64 67 236 69 242 70 247 248 73 74 253 76 256 261 262 265 264 270 269 84 85 276 277 88 280 284 90 290 291 295 292 296 298 302 99 101 304 308 309 
104 105 110 3 4 113 118 116 8 123 10 125 12 13 14 135 139 136 19 140 20 146 150 149 24 155 157 27 29 28 165 166 171 33 34 174 37 178 182 39 187 185 190 189 192 44 198 196 200 49 205 51 208 53 213 212 56 218 59 223 227 226 228 231 65 64 238 66 242 68 71 246 248 72 74 255 257 256 262 260 264 80 270 271 274 84 276 87 88 280 287 285 93 288 294 295 297 298 98 99 305 306 311 309 
104 106 2 110 114 113 119 6 123 8 10 11 128 12 135 134 139 17 142 143 147 144 149 150 25 153 26 158 161 160 31 30 168 32 174 34 179 36 180 39 185 40 42 189 194 195 196 198 201 48 50 207 52 211 214 213 219 57 58 220 225 227 230 63 232 235 66 236 69 242 247 71 248 250 255 74 77 259 262 78 266 264 269 268 274 275 276 87 282 280 90 286 93 289 294 293 297 97 301 303 305 101 103 308 
107 0 111 3 112 114 119 117 8 9 11 125 128 130 133 14 16 17 19 143 147 21 150 148 155 24 26 159 162 163 167 166 168 33 175 34 176 36 183 38 40 184 191 42 192 194 47 46 201 202 207 51 209 53 213 214 218 219 223 58 61 225 62 231 65 232 239 67 69 242 71 244 251 248 253 74 257 258 79 260 265 267 269 82 274 275 87 276 280 281 287 284 289 92 292 295 296 96 300 303 306 305 309 311 
107 1 2 3 4 112 119 117 122 121 127 126 130 12 135 134 138 137 19 140 144 21 151 23 153 155 27 158 28 160 165 164 32 169 35 34 179 36 38 180 186 185 189 191 45 195 199 198 49 201 205 51 210 53 213 54 218 57 59 222 225 227 228 229 64 234 66 239 69 68 244 70 250 72 254 74 256 76 262 78 264 267 270 269 272 274 87 276 88 281 284 286 291 290 294 295 297 299 302 98 307 304 103 102 
107 104 111 108 115 5 117 116 121 122 126 124 12 13 134 133 137 16 142 143 145 147 150 149 155 25 158 27 162 161 164 165 171 168 35 172 37 179 183 182 40 41 191 42 192 44 47 197 202 200 207 206 52 53 55 213 219 218 222 220 227 224 231 229 65 235 66 67 242 68 244 71 250 72 255 253 257 76 262 78 81 264 271 269 274 275 276 87 88 282 90 286 288 93 295 292 96 297 98 99 306 307 310 102 
107 104 111 110 112 115 118 7 8 123 127 11 129 12 135 15 136 17 143 18 20 147 149 148 25 153 159 157 29 28 165 166 171 32 175 35 178 176 182 38 40 187 43 188 194 45 198 199 202 201 204 50 209 52 212 214 218 57 59 223 225 224 229 231 235 234 239 237 241 68 71 247 249 73 255 75 257 77 78 263 264 81 83 269 273 272 276 87 281 280 287 90 92 290 293 94 298 97 99 301 100 307 309 102 
104 1 109 108 115 4 119 118 9 122 11 124 128 13 14 132 136 138 140 142 21 147 22 23 154 152 159 157 29 163 166 167 32 168 174 35 177 37 180 39 41 184 191 43 44 192 47 198 201 48 207 205 208 210 54 215 56 219 223 221 227 224 63 228 64 234 238 239 243 242 246 71 251 249 255 75 258 77 262 263 264 266 269 270 84 85 87 279 88 280 286 91 289 290 294 295 96 299 301 300 304 100 103 310 
107 1 111 2 115 4 119 117 8 123 10 126 129 130 14 15 138 139 143 142 146 144 151 22 153 152 27 156 163 161 31 166 171 33 175 34 179 176 38 39 186 187 42 191 195 192 197 46 200 48 205 204 211 210 213 215 217 218 222 58 226 60 62 63 65 233 236 238 241 242 244 71 73 72 252 74 256 77 262 263 80 265 82 271 84 275 276 87 281 283 285 284 291 93 95 292 97 299 301 98 101 307 308 310 
0 1 111 109 5 115 7 117 122 9 11 127 128 13 134 15 17 16 18 140 146 20 23 150 25 24 156 157 29 163 30 165 169 171 35 175 179 177 38 180 41 185 43 189 195 192 198 196 200 203 50 205 211 210 215 214 57 218 58 221 227 226 230 231 232 235 237 236 69 240 244 247 249 72 253 75 256 77 79 263 267 264 269 82 85 274 87 276 89 280 284 287 92 93 292 94 298 96 301 303 304 101 310 309 
1 107 3 110 112 115 119 117 122 121 125 126 13 12 15 134 137 139 142 143 145 20 22 151 24 155 156 158 28 160 165 166 170 169 175 174 36 37 182 38 186 185 190 42 193 192 198 46 48 200 51 205 210 211 54 55 217 218 59 58 226 60 229 231 65 64 239 238 69 241 245 71 248 251 255 74 259 257 263 260 267 80 268 83 274 85 86 87 283 88 91 90 289 291 294 295 298 299 99 300 305 307 309 103 
105 107 110 109 113 115 116 6 8 120 125 10 129 128 15 134 16 139 142 140 146 147 150 149 152 153 158 27 163 161 164 31 32 33 174 34 177 37 38 180 185 41 42 189 194 44 199 198 48 200 207 50 53 208 54 213 218 57 223 59 60 61 231 229 232 233 238 236 69 240 246 245 251 73 253 255 77 258 263 79 81 264 271 270 274 85 87 86 88 282 285 91 93 288 292 95 296 96 300 301 306 100 309 308 
