-1 -1 -1 -1 -1 -1 -1 -1 -1 -1 -1 -1 -1 -1 -1 -1 -1 -1 -1 -1 -1 -1 -1 -1 -1 -1 -1 -1 -1 -1 -1 -1 -1 -1 -1 -1 -1 -1 -1 -1 -1 -1 -1 -1 -1 -1 -1 -1 -1 -1 -1 -1 -1 -1 -1 -1 -1 -1 -1 -1 -1 -1 -1 -1 -1 -1 -1 -1 -1 -1 -1 -1 -1 -1 -1 -1 -1 -1 -1 -1 -1 -1 -1 -1 -1 -1 -1 -1 -1 -1 -1 -1 -1 -1 -1 -1 -1 -1 -1 -1 -1 -1 -1 -1 -1 
128 82 162 37 170 41 26 127 47 201 176 166 100 0 197 88 36 40 115 77 178 164 179 185 61 143 112 78 86 107 114 177 63 190 159 54 58 116 102 171 79 104 137 67 122 121 118 126 110 168 57 89 59 207 129 139 167 3 90 66 84 200 120 92 205 181 188 28 2 21 123 157 131 10 150 98 15 130 5 136 99 80 148 153 6 138 101 56 81 50 196 91 173 52 65 73 192 156 29 124 13 19 23 35 97 
132 193 162 191 176 198 71 37 174 83 41 16 47 170 82 152 112 60 143 183 184 4 179 164 125 8 33 178 146 116 189 58 70 54 159 107 30 172 67 126 59 87 122 57 121 168 142 46 118 1 110 137 17 43 129 53 163 120 85 139 92 205 45 135 204 90 44 160 157 105 148 74 15 144 150 123 28 64 153 2 21 131 12 20 5 156 65 73 56 22 50 192 187 23 91 97 68 186 209 35 48 101 124 11 31 
106 82 166 191 47 201 128 83 26 202 55 71 197 193 7 77 27 4 147 146 8 33 199 60 103 115 152 109 36 172 161 70 151 119 75 140 195 51 43 57 46 142 14 137 194 113 168 171 1 39 17 207 104 79 90 42 169 85 44 84 163 24 129 76 200 3 53 15 148 153 64 99 74 20 2 144 6 21 5 117 34 123 12 28 9 68 31 187 124 91 101 29 65 97 56 23 11 209 35 22 52 81 49 196 173 
38 94 201 32 127 100 170 0 128 191 55 132 166 82 198 155 61 125 115 183 146 199 179 27 77 96 40 178 143 195 159 58 180 114 140 63 70 116 89 104 18 59 118 17 207 126 171 43 39 57 142 87 137 25 3 149 208 42 134 158 135 24 90 84 188 120 167 148 80 64 9 144 136 21 131 105 93 157 130 20 34 99 10 153 6 97 35 65 19 11 196 91 31 124 192 173 13 156 187 22 101 182 73 68 209 
26 193 127 162 176 202 94 197 55 170 106 191 7 198 71 36 184 96 4 115 178 112 78 183 143 125 86 27 164 75 133 177 161 140 189 151 175 141 207 122 110 17 142 87 79 113 25 145 18 168 39 118 67 194 188 42 24 167 53 45 200 129 108 92 135 208 169 72 34 64 80 130 5 99 153 131 117 105 123 160 150 93 10 28 157 138 35 11 50 186 173 56 52 49 182 192 19 23 22 97 65 187 73 91 196 
0 202 162 176 83 197 82 32 170 106 37 41 94 191 193 86 115 78 183 184 33 103 155 77 152 96 125 88 60 119 159 69 30 54 154 63 140 75 39 121 104 168 137 89 118 59 102 142 171 14 113 46 18 67 181 3 76 66 24 108 42 134 158 129 62 45 53 15 160 80 131 148 34 21 9 157 136 98 153 130 12 117 10 74 150 91 81 196 22 97 31 11 50 73 173 29 35 209 156 56 23 101 19 49 138 
37 162 106 7 191 201 82 174 55 132 38 26 16 100 41 155 125 61 164 112 183 199 96 152 178 27 179 185 8 140 177 75 180 206 58 159 54 154 102 110 89 122 79 67 57 171 194 165 39 46 113 25 43 207 188 90 62 42 45 208 167 108 204 134 181 92 53 9 74 6 72 105 15 2 148 34 144 21 131 80 136 130 160 93 5 187 196 22 173 19 31 97 52 50 13 49 209 29 23 182 124 156 11 56 48 
38 202 94 83 16 170 55 106 7 128 41 162 82 166 176 86 88 179 143 184 183 146 27 155 60 36 115 147 77 54 159 206 111 133 70 58 69 161 110 57 118 102 207 1 89 137 18 39 79 67 126 113 171 59 120 44 53 169 188 135 163 181 24 158 90 204 66 72 105 160 136 74 117 93 34 6 5 99 131 157 80 20 123 15 144 52 56 19 22 50 97 13 187 173 65 196 192 182 73 156 35 68 48 138 91 
202 26 16 100 197 94 191 174 106 7 166 83 132 170 193 40 115 36 179 147 152 184 96 183 103 164 146 125 143 133 154 172 141 116 180 95 190 107 165 122 25 171 207 89 46 142 1 126 67 145 104 17 194 102 92 188 53 205 45 134 200 158 139 204 44 181 120 157 15 28 148 130 123 93 144 80 64 150 10 9 72 136 99 131 160 138 65 52 49 196 156 97 23 29 11 13 19 68 186 173 50 81 31 35 209 
83 176 71 47 193 37 128 197 170 162 16 166 132 127 0 4 183 78 27 109 40 61 96 184 33 77 185 36 179 58 177 70 151 154 172 63 175 133 122 67 113 142 168 25 126 1 171 110 104 137 18 118 89 102 169 208 42 44 92 62 85 181 108 200 149 84 134 6 2 12 144 10 130 74 105 93 153 80 123 157 148 72 9 64 150 209 56 19 192 50 124 73 35 81 13 68 196 156 186 49 97 52 65 101 11 
0 166 202 193 128 191 16 55 162 170 127 47 83 106 94 185 40 125 178 179 27 4 33 88 164 146 143 147 86 180 95 111 114 206 119 140 133 189 18 59 126 39 17 79 14 104 122 165 1 102 110 87 57 25 135 208 24 76 204 84 85 120 3 134 108 181 200 160 157 64 28 2 21 72 34 6 153 148 123 80 10 117 9 74 5 192 156 187 91 35 49 29 101 56 209 97 48 13 81 23 22 65 50 19 73 
198 16 83 37 162 94 191 71 26 170 202 100 106 32 197 147 109 115 96 4 88 178 60 103 36 86 199 8 33 107 190 154 177 206 151 114 95 172 121 39 102 118 67 57 43 59 14 79 25 18 171 137 87 122 24 149 90 120 181 3 44 200 167 45 62 84 66 150 72 131 20 148 21 9 80 12 34 130 99 93 144 98 105 10 2 29 73 156 65 81 97 192 173 35 196 124 49 11 101 138 186 187 182 68 23 
166 55 176 7 37 16 83 191 162 132 193 32 127 47 100 164 27 115 36 109 60 4 152 78 88 77 178 33 96 114 161 70 195 172 133 206 154 51 126 18 67 168 87 57 137 1 102 118 145 39 110 207 194 171 66 44 135 181 85 139 84 76 158 24 3 120 204 117 20 15 72 64 157 34 105 9 10 6 150 93 21 98 130 144 136 19 68 138 65 196 22 56 186 52 182 29 209 187 49 35 192 173 81 13 101 
193 71 94 132 201 127 82 16 41 162 166 100 106 55 38 40 8 60 152 179 36 27 183 125 78 4 199 178 96 203 195 95 114 189 69 180 141 175 171 59 102 79 118 126 207 17 43 104 46 121 110 145 142 18 181 163 158 120 85 149 167 24 208 92 200 66 62 99 160 136 153 12 123 64 117 148 131 15 74 144 98 28 6 2 150 31 173 48 50 23 138 156 13 52 124 73 56 91 68 186 65 209 22 182 35 
0 197 166 37 100 55 201 32 38 83 26 7 132 94 127 27 88 40 33 152 179 86 61 199 178 78 109 96 77 107 70 177 154 51 119 63 30 114 113 126 17 171 39 104 89 194 137 102 46 67 142 165 59 57 139 90 3 167 129 135 181 163 42 53 134 108 66 20 34 72 99 123 21 144 74 15 2 28 10 93 105 130 160 6 131 182 173 192 31 196 124 97 209 19 29 49 23 35 81 186 11 52 187 56 13 
16 83 26 7 197 71 127 166 202 32 47 132 41 191 174 199 78 27 96 109 152 61 164 60 4 178 184 77 103 154 70 159 175 75 180 161 63 54 39 126 79 194 46 171 122 145 18 14 207 104 142 87 110 168 135 90 84 108 76 169 92 62 85 205 45 120 42 131 6 2 10 72 99 123 153 15 144 93 157 148 21 34 28 136 105 56 97 91 31 173 52 50 68 187 29 209 138 101 73 22 65 156 23 19 192 
7 37 0 55 16 128 47 83 94 191 174 41 127 193 162 146 178 36 115 125 86 4 112 33 184 8 60 77 143 172 189 69 51 177 111 141 203 107 102 25 18 126 118 89 87 67 1 46 142 17 194 122 165 145 134 44 62 167 200 208 3 53 181 149 205 120 204 148 20 12 93 144 6 2 99 105 160 153 15 98 136 157 28 74 10 124 173 35 91 187 56 48 73 31 49 29 196 186 138 68 156 50 19 23 182 
197 106 127 41 16 38 201 7 193 170 94 55 82 32 71 112 125 4 27 147 115 40 183 184 152 96 8 36 109 161 107 175 180 54 63 189 95 69 194 126 14 25 207 87 89 59 57 165 122 168 142 145 17 43 167 129 76 108 120 45 181 134 44 188 135 84 204 80 15 150 9 117 28 105 144 2 99 74 64 131 6 21 34 98 10 52 29 209 48 31 97 73 192 50 91 196 22 13 156 138 35 68 49 173 101 
176 166 174 71 128 106 202 197 170 7 132 32 94 198 162 179 86 147 96 164 78 143 178 112 155 109 199 60 185 154 206 54 116 75 58 70 107 69 137 59 194 25 118 39 14 207 43 102 1 113 57 17 87 142 66 84 205 53 149 85 45 135 120 129 108 158 163 20 10 99 105 148 144 93 72 131 136 153 160 64 130 98 157 5 150 49 124 187 65 156 23 29 56 209 19 173 101 35 91 48 50 196 182 97 68 
197 127 71 94 100 16 201 83 55 128 162 170 191 0 82 78 86 40 96 199 103 125 4 36 77 60 109 8 179 159 75 30 95 69 133 51 141 177 207 104 1 87 145 46 89 67 57 122 194 17 113 43 110 25 129 134 92 208 163 158 205 85 62 66 24 53 188 12 80 136 123 64 10 5 157 6 74 72 160 93 153 130 21 148 9 68 31 101 56 19 187 13 50 186 91 29 173 81 48 11 156 196 65 52 22 
106 83 94 193 176 132 16 197 162 128 127 174 26 32 55 179 185 103 4 164 27 143 147 115 155 36 61 146 183 30 107 51 95 161 177 69 75 190 57 171 137 25 121 102 118 168 126 39 207 46 87 145 79 122 129 204 44 120 42 3 158 76 139 205 45 167 188 12 98 150 117 9 99 80 72 74 34 2 105 20 131 136 21 130 10 31 101 124 29 68 22 23 19 156 73 49 91 11 13 52 209 192 138 65 173 
127 170 37 132 197 83 198 0 193 106 176 128 38 41 7 103 77 61 146 164 147 155 183 8 143 96 199 86 60 141 206 175 151 54 180 116 161 195 18 165 113 1 89 207 118 171 121 14 168 126 104 17 122 67 45 135 169 66 62 108 129 208 53 134 149 44 205 105 20 74 117 64 160 15 72 98 9 99 34 21 123 12 153 80 144 35 192 11 52 186 196 81 138 29 19 65 182 50 68 49 156 56 91 101 31 
191 174 7 94 32 198 201 166 47 16 170 162 37 83 38 115 40 155 33 4 146 88 103 164 143 147 60 152 112 133 114 189 161 203 141 172 159 154 17 142 207 102 59 122 46 118 145 137 87 57 194 67 43 171 76 204 24 169 205 135 129 149 53 181 188 45 42 98 34 157 5 6 72 123 105 153 80 136 160 93 10 74 21 20 150 186 11 50 35 91 52 97 196 124 68 19 23 182 22 29 156 138 73 49 13 
162 128 132 71 0 191 82 94 41 55 32 38 83 197 202 185 164 8 78 109 155 33 147 36 184 146 115 183 60 69 190 58 116 180 75 203 154 161 137 79 17 122 25 126 104 59 43 87 113 110 89 142 18 171 45 200 62 134 3 158 108 149 84 120 205 167 42 28 98 150 74 123 144 5 130 80 117 136 99 10 148 72 20 93 131 187 182 124 23 22 56 13 35 11 49 196 186 97 192 156 173 91 29 19 50 
100 38 26 170 71 37 55 166 106 128 41 174 191 47 162 4 152 146 40 112 179 60 125 88 103 199 96 155 33 195 177 159 172 189 154 180 114 30 142 67 113 14 165 39 43 102 207 145 137 104 194 126 118 171 169 139 129 205 92 149 3 85 42 167 24 45 108 93 144 136 5 80 131 98 117 123 28 99 153 10 15 12 20 2 148 50 156 65 68 124 173 48 97 186 192 91 56 81 52 11 182 31 187 23 29 
94 197 47 162 201 202 170 41 16 132 71 193 166 55 100 183 164 179 155 109 4 78 178 199 96 27 36 185 8 107 63 133 172 116 69 175 151 58 25 171 126 39 18 14 43 137 104 118 17 121 59 67 207 102 92 45 188 181 204 163 90 205 66 108 84 76 158 93 130 64 105 144 12 15 2 74 5 160 153 20 72 157 21 131 10 29 48 13 182 101 23 138 173 49 56 19 192 209 35 31 73 124 186 81 65 
193 162 32 202 132 41 174 47 198 106 100 82 16 191 201 147 36 109 112 183 115 143 96 60 103 155 77 185 88 111 180 95 172 206 133 141 203 58 87 207 142 145 14 59 194 104 1 113 67 17 126 165 57 18 90 62 3 84 53 135 200 134 108 188 92 167 163 2 21 28 72 153 98 117 74 64 144 93 15 130 136 148 20 12 9 91 196 56 19 156 192 29 73 13 173 31 138 68 11 49 22 52 186 97 35 
7 201 38 100 71 32 176 170 197 82 162 191 132 41 47 4 112 184 115 155 146 96 61 185 199 147 164 8 109 107 180 70 172 69 95 195 133 114 194 122 18 89 207 121 57 168 67 46 102 126 110 59 25 87 181 149 135 66 139 158 85 163 129 44 167 204 134 80 64 105 9 10 99 72 28 130 123 34 148 5 2 117 144 74 160 182 124 50 138 48 192 187 13 11 101 173 29 49 186 73 196 22 68 209 91 
174 170 37 16 0 193 47 83 197 26 32 176 55 127 198 8 143 152 88 40 185 36 183 199 179 4 86 155 103 70 195 30 161 116 180 203 206 141 43 168 122 87 17 165 207 102 110 79 142 67 59 121 118 194 135 169 3 85 44 149 129 76 205 134 108 120 181 117 12 148 5 64 34 10 153 20 21 105 28 2 9 99 131 136 123 50 11 73 13 209 97 173 138 52 81 35 31 182 48 101 29 23 68 91 124 
