-1 -1 -1 -1 -1 -1 -1 -1 -1 -1 -1 -1 -1 -1 -1 -1 -1 -1 -1 -1 
23 30 4 40 26 42 6 46 47 8 53 54 10 55 12 18 58 66 15 68 
20 3 1 4 29 41 8 43 44 49 13 14 50 51 54 67 68 60 58 56 
0 31 28 23 36 6 42 44 45 7 53 13 12 50 51 62 66 18 56 64 
33 34 1 40 21 46 47 44 9 5 54 52 51 14 11 57 62 65 63 61 
37 1 21 4 27 47 45 44 9 7 55 12 50 14 11 19 60 69 16 63 
34 28 30 33 27 44 43 42 46 8 52 54 13 55 51 60 57 67 63 15 
34 2 37 35 30 43 41 49 7 5 51 54 11 12 50 59 62 57 61 16 
37 40 30 3 1 9 6 44 5 42 54 52 50 13 55 18 57 66 68 17 
31 35 34 33 30 47 45 8 7 49 10 54 50 13 55 15 19 56 60 16 
26 0 2 23 4 8 42 6 45 43 11 52 55 51 54 67 18 19 61 16 
39 23 31 21 35 8 5 42 46 9 50 14 54 51 11 67 61 59 65 15 
34 39 1 31 29 6 5 41 8 46 55 52 14 11 12 62 66 59 68 18 
35 29 31 33 3 5 46 7 44 9 52 10 13 11 54 60 56 67 65 58 
37 34 3 29 36 46 41 7 9 5 55 10 54 14 52 67 63 16 62 64 
40 4 33 2 23 5 6 8 41 7 13 11 14 50 51 15 56 61 68 64 
39 26 23 2 1 41 47 46 7 49 11 51 12 14 10 61 59 64 16 69 
21 1 38 30 2 43 49 9 45 48 55 54 51 13 53 67 16 15 61 65 
28 20 30 36 35 9 8 44 7 48 12 10 50 11 14 57 18 63 58 66 
21 36 2 33 1 42 47 8 5 43 55 11 51 53 12 60 65 18 61 57 
20 25 24 29 3 42 8 41 47 46 11 52 10 53 54 66 68 58 69 59 
27 1 21 20 33 43 47 48 42 6 51 54 52 14 11 63 66 69 57 59 
27 3 2 40 1 8 5 45 42 41 53 52 50 13 12 65 19 62 59 68 
31 30 20 21 35 48 8 6 49 9 54 53 11 12 10 60 68 66 64 17 
32 34 40 1 26 49 46 7 45 5 51 12 52 54 55 63 56 66 65 62 
31 4 40 2 34 44 6 45 43 46 11 52 51 53 14 59 17 64 68 58 
21 35 25 3 4 5 9 48 43 8 13 50 14 54 53 15 64 68 62 61 
33 1 21 31 40 44 6 48 41 45 11 14 12 54 52 69 63 65 17 58 
4 3 39 24 29 42 49 41 6 43 54 51 55 52 14 17 18 63 59 19 
35 27 33 38 31 6 7 49 41 47 55 10 51 11 12 57 19 66 56 61 
