-1 -1 -1 -1 -1 -1 -1 -1 -1 -1 -1 -1 -1 -1 -1 -1 -1 -1 -1 -1 
78 28 92 73 98 107 91 33 43 75 114 156 170 148 175 115 157 181 122 111 
24 7 93 71 45 3 47 95 61 74 10 182 128 120 111 134 162 114 177 169 
93 9 20 84 107 25 96 53 40 61 123 175 190 149 168 145 138 191 129 127 
107 37 93 22 74 109 45 71 70 1 199 159 149 195 175 123 171 19 113 178 
24 57 26 83 84 74 54 103 36 20 117 145 153 148 155 158 16 154 186 156 
103 102 86 82 77 80 59 105 91 50 151 10 188 112 183 119 118 162 182 185 
27 91 88 24 80 68 50 60 37 51 181 194 151 10 134 184 152 16 158 142 
75 109 57 100 96 93 4 87 61 6 169 19 155 125 131 14 171 119 126 153 
35 52 30 98 5 63 102 82 44 76 11 110 111 149 127 158 153 180 194 196 
20 39 6 28 92 50 68 84 40 35 137 145 160 187 180 171 146 176 156 14 
72 30 73 80 32 26 44 93 36 20 127 197 118 11 187 151 138 192 135 134 
31 42 34 35 40 72 106 88 48 96 166 122 134 153 124 164 110 111 186 182 
24 57 70 94 61 52 90 68 63 71 116 168 112 114 158 176 159 161 134 12 
59 44 2 33 39 73 94 50 100 77 184 194 154 191 146 18 132 142 186 15 
23 38 49 47 7 91 27 89 30 92 14 114 125 192 146 138 174 169 194 147 
99 29 59 44 68 56 55 23 92 42 15 194 147 131 10 16 130 163 151 127 
62 63 58 59 3 44 48 9 64 104 10 163 141 137 127 175 12 123 133 186 
97 82 4 61 21 102 81 30 32 106 115 154 162 128 143 199 164 116 125 153 
72 31 103 0 85 68 76 93 91 99 129 140 16 181 111 121 139 14 156 185 
43 68 83 64 66 78 77 33 82 106 169 173 133 147 138 192 157 176 144 181 
35 47 90 24 42 9 23 97 21 37 156 119 175 123 181 180 128 115 125 165 
38 31 51 100 99 88 94 74 4 7 135 177 116 175 186 139 145 166 152 183 
70 65 98 36 88 54 59 67 85 44 13 117 113 148 17 122 12 184 169 198 
3 29 42 40 107 39 87 69 54 101 149 120 15 130 167 181 131 193 125 152 
46 78 2 42 86 63 97 58 36 82 157 195 136 13 180 172 14 187 173 182 
82 54 5 34 0 69 41 97 85 96 146 170 156 153 17 177 191 158 187 139 
63 2 68 87 88 102 31 89 61 106 189 128 170 176 179 156 12 172 113 161 
86 83 50 5 109 33 49 89 24 51 151 133 123 176 125 143 155 166 117 119 
107 71 6 104 82 36 3 5 9 38 13 145 174 173 193 143 121 185 114 192 
