-1 -1 -1 -1 -1 -1 -1 -1 -1 -1 -1 -1 -1 -1 -1 -1 -1 -1 -1 -1 -1 -1 -1 -1 -1 -1 -1 -1 -1 -1 -1 -1 -1 -1 -1 -1 -1 -1 -1 -1 -1 -1 -1 -1 -1 -1 -1 -1 -1 -1 -1 -1 -1 -1 -1 -1 -1 -1 -1 -1 -1 -1 -1 -1 -1 -1 -1 -1 -1 -1 -1 -1 -1 -1 -1 -1 -1 -1 -1 -1 -1 -1 -1 -1 -1 -1 -1 -1 -1 -1 -1 -1 -1 -1 -1 -1 -1 -1 -1 -1 -1 -1 -1 -1 -1 -1 -1 -1 -1 -1 -1 -1 -1 -1 -1 -1 -1 -1 -1 -1 -1 -1 -1 -1 -1 -1 -1 -1 -1 -1 -1 -1 -1 -1 -1 -1 -1 -1 -1 -1 -1 -1 -1 -1 -1 -1 -1 -1 -1 -1 
168 18 182 163 188 197 181 23 33 165 45 7 186 1 15 198 176 175 32 183 41 46 8 184 199 170 178 157 167 19 189 169 172 160 191 34 40 47 25 48 173 14 171 30 10 192 17 44 193 158 64 206 220 98 225 65 207 231 72 61 212 211 54 234 203 90 229 97 62 91 70 53 244 52 94 51 69 233 209 55 245 238 204 96 227 230 246 236 202 240 60 58 74 201 71 81 76 84 67 63 107 296 132 134 136 291 135 299 255 265 262 270 118 148 140 281 131 129 251 112 272 297 105 133 253 285 142 127 259 282 110 100 266 113 261 102 286 125 269 263 287 121 260 277 267 117 252 119 254 126 
14 7 183 161 35 3 37 185 151 164 191 176 49 28 45 154 13 168 18 173 42 190 5 36 195 29 153 15 47 31 193 179 25 199 177 156 4 16 1 175 155 167 163 26 180 170 48 165 158 171 50 232 78 70 61 84 212 64 227 219 231 79 223 76 98 233 80 91 94 249 243 202 69 224 86 213 87 210 53 241 88 242 247 97 215 239 54 52 62 237 60 222 220 71 209 225 229 65 56 92 133 251 275 262 128 283 112 288 142 117 287 106 124 102 256 272 139 143 115 140 127 144 114 138 259 282 295 147 289 270 250 105 261 113 266 108 271 291 274 277 129 104 148 276 121 101 119 279 258 267 
183 9 10 174 197 15 186 43 30 151 12 178 188 158 157 168 29 16 182 33 4 165 176 160 193 164 49 14 180 5 187 46 18 159 172 7 173 19 194 41 23 181 155 35 156 161 40 21 177 39 73 225 240 99 218 95 88 241 79 77 80 227 208 242 245 226 231 90 212 82 214 248 61 97 210 86 236 58 93 244 84 209 81 221 92 51 239 204 68 207 87 59 233 64 216 234 75 217 215 223 275 298 252 113 147 295 140 260 265 251 273 120 279 254 261 116 141 124 144 278 263 284 133 138 115 119 149 132 293 143 100 114 129 127 253 271 139 101 102 292 299 111 266 148 283 118 274 276 107 125 
197 27 183 12 164 199 35 161 160 1 33 158 49 20 177 172 173 11 192 22 8 18 36 40 153 38 191 45 9 30 187 10 165 170 168 169 178 26 167 6 19 28 166 198 182 179 42 29 5 176 249 209 99 245 225 73 221 59 63 228 234 76 227 218 66 62 80 87 52 90 233 236 242 86 220 94 85 51 216 223 203 207 226 244 68 201 95 96 67 217 61 224 74 202 204 206 92 70 215 84 118 254 263 250 259 133 104 278 120 287 268 281 258 130 284 296 280 119 260 123 271 149 102 117 148 274 272 286 142 112 276 289 283 264 251 137 282 291 126 113 294 265 253 108 145 147 256 127 273 103 
14 47 16 173 174 164 44 193 26 10 20 170 175 0 36 179 6 183 28 192 160 162 21 31 182 7 167 180 166 39 195 198 8 45 49 34 176 29 189 43 2 33 185 19 27 155 48 157 41 25 67 95 203 98 205 208 56 204 236 206 76 64 207 216 233 80 72 225 235 60 78 209 88 231 93 57 217 202 211 69 246 222 70 200 227 245 224 99 84 97 240 58 221 71 74 75 82 55 247 241 107 121 124 146 123 130 253 257 264 298 143 286 114 291 256 106 270 140 273 112 262 261 292 279 133 147 100 272 139 111 289 105 275 120 269 288 277 274 252 296 268 283 134 251 102 295 125 260 299 266 
193 192 176 172 167 170 49 195 181 40 20 4 46 184 43 2 14 160 37 191 48 152 194 6 174 187 8 26 41 23 153 182 29 190 177 3 197 165 166 42 186 19 13 157 155 38 162 7 175 32 201 50 238 62 233 69 68 212 232 235 215 87 219 236 221 210 84 91 92 99 240 225 96 79 52 97 83 220 247 208 242 63 60 98 246 239 223 67 56 214 248 200 95 90 205 65 228 85 209 206 269 130 115 112 100 277 146 281 260 259 138 103 261 143 122 295 251 141 274 263 290 117 121 127 106 258 272 142 278 105 137 293 124 255 270 135 131 296 283 291 129 285 299 271 125 134 149 282 279 256 
17 181 178 14 170 158 40 150 27 41 171 47 192 163 32 7 156 3 159 46 152 33 162 49 183 28 160 25 197 195 198 176 22 191 154 8 1 38 0 45 180 43 155 151 37 153 193 18 23 172 231 244 201 50 84 234 202 56 208 92 72 222 77 54 53 71 213 98 235 243 239 220 74 94 59 216 246 218 210 88 87 66 215 212 97 203 233 214 93 51 75 57 91 99 240 96 241 70 79 62 106 137 275 142 115 112 290 299 251 128 283 260 108 116 136 147 117 114 126 276 272 281 109 284 139 125 104 120 289 105 119 292 270 144 294 264 122 291 148 145 118 288 256 113 274 268 134 130 263 254 
165 199 47 190 186 183 4 177 151 6 21 160 189 43 152 155 16 171 150 2 31 168 38 45 185 32 166 35 188 37 28 5 159 11 179 30 13 198 27 26 158 173 167 195 182 169 49 162 156 197 219 59 205 75 81 54 221 69 76 203 77 89 88 234 240 242 50 86 63 243 211 237 92 231 65 95 93 55 225 64 70 246 226 57 73 58 239 232 218 62 223 213 247 222 214 209 220 90 217 200 255 128 293 107 124 118 278 279 285 115 138 139 287 296 270 283 288 119 133 265 103 145 137 143 259 256 117 274 284 268 127 100 134 291 282 122 129 269 250 292 109 121 135 114 276 262 290 272 130 264 
25 42 20 188 5 153 192 172 34 166 19 190 45 0 49 164 184 39 187 195 38 161 11 2 4 3 198 16 182 186 170 155 10 193 33 35 17 160 151 167 180 43 31 8 183 179 18 165 37 48 51 60 61 99 77 208 203 230 244 246 204 74 73 65 67 225 79 84 80 232 83 70 249 228 72 76 66 81 231 98 215 55 233 222 248 88 247 91 78 64 95 58 92 211 69 97 209 202 241 220 274 129 144 112 295 293 130 103 134 287 280 140 110 288 271 258 127 121 270 264 122 297 268 267 128 291 106 145 282 131 118 109 135 292 254 294 148 256 111 260 263 126 104 149 279 286 107 146 277 253 
10 29 6 18 182 40 158 174 30 25 187 185 167 178 11 180 190 12 45 194 165 177 8 7 163 172 36 164 43 22 2 186 160 195 35 42 175 192 153 0 26 38 152 156 14 197 41 3 157 5 87 95 210 237 230 221 96 226 206 54 82 86 223 238 225 243 236 79 222 59 85 228 58 99 53 68 227 67 51 249 63 246 201 76 64 70 224 200 50 233 75 57 91 88 73 65 93 248 208 83 140 294 281 125 130 123 274 143 276 113 116 260 117 253 121 259 266 132 254 292 291 279 100 139 128 296 256 141 284 111 252 272 135 126 273 283 278 118 250 142 129 109 269 277 255 299 131 275 147 287 
162 20 163 170 22 16 34 183 26 10 161 151 165 155 159 175 7 32 153 185 33 156 41 190 169 196 15 157 27 37 171 47 25 0 177 180 184 3 194 43 44 173 182 197 9 45 187 48 14 186 77 247 68 51 237 201 88 242 85 84 205 236 96 212 87 233 82 62 60 65 218 98 86 234 97 230 50 213 223 76 67 93 241 71 74 211 92 66 56 59 61 57 224 80 72 214 215 217 207 200 146 134 271 268 267 145 274 119 263 254 149 107 276 279 115 129 265 291 296 138 141 278 117 286 104 133 290 105 269 110 277 294 259 298 125 124 295 100 253 106 118 283 123 282 280 293 116 275 136 250 
21 32 24 25 30 162 196 178 38 186 156 2 157 159 10 15 17 33 34 167 3 18 40 171 153 191 49 0 192 36 16 163 46 19 176 183 47 155 4 174 7 23 22 44 12 5 170 6 172 181 216 72 84 203 74 214 60 61 236 232 85 82 231 57 77 233 200 69 89 217 227 68 212 90 218 247 213 201 78 228 237 244 96 63 223 87 202 207 211 70 242 235 225 71 230 79 52 94 229 75 108 271 133 250 277 283 296 142 114 290 298 254 122 278 118 134 276 256 117 143 269 137 280 128 292 260 287 264 286 115 275 259 263 258 138 148 129 139 126 273 288 270 282 279 297 113 130 106 145 293 
14 47 160 184 151 42 180 158 153 161 28 33 5 181 30 3 155 36 15 199 26 19 1 198 40 35 44 45 171 34 12 173 37 166 18 175 10 196 39 168 169 27 165 49 157 41 159 17 29 174 66 218 62 64 208 226 209 211 84 52 241 248 82 78 54 81 202 55 237 73 71 200 86 53 242 74 230 59 60 98 233 95 217 58 92 213 227 220 96 204 63 56 75 87 65 69 89 94 203 239 138 107 121 267 115 142 148 106 288 253 279 145 118 108 276 278 274 101 292 135 110 132 254 281 141 119 144 280 127 262 147 113 125 252 269 259 120 112 258 260 261 109 256 286 283 129 137 104 282 270 
49 34 2 23 29 163 184 40 190 167 1 22 181 155 18 156 25 187 183 158 191 177 37 9 8 16 179 199 154 38 21 173 175 178 194 4 45 35 44 170 0 166 196 17 30 176 150 168 24 28 234 244 204 241 96 58 82 92 236 55 88 228 89 87 85 210 64 229 219 77 205 226 243 240 245 248 238 215 86 214 235 201 67 230 69 246 209 80 83 66 218 57 75 62 212 206 216 60 220 76 293 115 124 260 136 261 295 149 250 104 281 114 270 126 117 131 146 119 291 140 102 256 268 271 267 142 112 280 262 138 137 290 129 141 135 287 277 106 116 100 296 133 254 108 252 251 275 144 265 278 
13 28 39 37 7 181 17 179 20 182 26 5 191 171 195 31 178 9 151 38 180 30 14 185 15 27 1 34 192 168 19 35 154 164 170 177 197 165 175 32 24 183 169 193 152 174 43 162 6 196 54 64 75 242 96 88 224 219 244 97 240 80 87 91 225 84 73 81 223 211 83 89 77 221 215 93 212 233 217 237 208 62 59 202 94 92 82 65 50 68 90 57 66 249 239 95 203 232 206 218 117 280 125 147 274 288 273 108 260 283 103 104 299 285 291 140 148 111 270 146 292 251 123 143 250 114 287 118 124 116 278 127 258 261 256 115 101 253 286 294 119 139 137 266 100 275 145 109 263 135 
189 19 49 34 158 46 45 13 182 32 184 8 197 155 4 185 26 199 154 168 169 16 160 36 163 28 190 164 39 18 166 0 152 48 7 42 181 153 195 47 194 171 161 40 10 3 156 162 198 25 55 244 97 81 50 56 80 213 201 77 236 210 239 212 205 78 54 71 76 247 241 245 51 249 65 222 208 233 209 91 83 202 95 68 69 94 57 203 200 225 86 61 64 224 84 215 216 228 53 60 293 275 274 298 121 258 111 296 137 143 125 283 280 117 105 127 271 148 136 119 270 133 256 268 134 104 139 123 294 144 149 141 126 107 250 103 132 146 145 114 109 291 290 262 279 282 108 259 292 297 
152 153 48 49 3 34 38 9 154 194 195 189 177 36 35 18 25 4 187 37 168 175 20 180 160 1 171 17 14 184 192 197 23 0 21 15 28 10 19 27 13 47 190 165 5 164 186 193 24 159 50 213 91 87 77 225 52 73 83 236 65 221 69 214 56 94 92 81 222 51 74 62 66 224 234 230 200 207 85 58 246 93 229 218 228 239 211 217 247 54 206 216 241 99 210 220 232 249 237 84 148 259 261 297 110 284 282 143 298 109 125 275 135 107 283 299 105 262 270 149 258 137 272 147 268 289 120 264 131 122 124 115 102 121 265 279 290 271 144 288 254 111 257 255 142 273 140 253 129 269 
187 172 4 151 11 192 171 20 22 196 177 150 14 157 165 164 24 10 33 167 169 16 161 30 9 197 48 188 46 156 7 45 12 159 26 19 43 32 195 21 23 13 190 176 178 154 162 152 49 15 65 204 212 78 93 249 214 66 75 203 206 224 242 73 96 50 236 79 205 239 218 228 227 58 94 69 77 70 55 54 222 57 74 223 72 226 83 200 240 88 71 60 90 59 213 247 92 51 217 244 108 115 126 264 114 292 116 123 263 146 143 282 112 134 277 127 287 100 299 140 250 131 283 119 132 278 288 102 118 284 145 275 109 296 111 139 135 266 125 272 294 293 141 106 274 262 117 254 258 137 
162 21 193 0 175 158 166 183 181 189 12 7 195 31 42 27 179 192 3 169 14 196 171 194 41 190 26 168 199 15 165 151 5 155 38 24 150 173 17 167 6 184 159 11 23 13 34 197 198 45 79 90 56 231 61 71 89 54 206 235 244 52 241 204 78 68 239 76 200 66 202 230 91 226 58 209 240 217 242 83 223 246 67 92 70 64 51 203 222 224 221 213 73 215 85 219 82 245 218 88 140 127 142 287 144 279 128 296 133 100 120 103 105 268 106 286 275 280 265 281 264 104 131 266 138 115 259 136 145 123 114 129 117 141 132 122 137 262 130 257 118 254 111 125 295 297 263 119 269 112 
33 158 173 154 156 168 167 23 172 196 41 27 165 181 190 37 188 155 8 44 191 46 160 161 29 12 7 152 170 18 22 28 171 31 195 166 17 4 15 159 5 40 20 9 184 175 36 11 34 183 219 223 83 97 88 242 207 226 94 231 98 233 50 85 235 87 227 82 208 214 74 220 93 212 86 70 215 62 80 239 201 203 245 84 222 200 211 238 53 249 72 244 217 229 205 209 52 204 232 55 293 295 292 131 146 124 113 104 101 288 268 135 144 251 278 270 136 276 298 119 252 285 140 299 286 266 121 108 275 282 269 261 259 254 287 291 256 290 115 271 283 130 102 265 126 122 117 138 106 141 
25 37 180 14 32 9 13 187 11 27 186 30 20 175 1 17 194 33 152 48 0 171 157 41 47 164 2 166 195 185 163 177 40 8 191 39 43 29 36 154 172 165 198 179 21 10 197 22 199 176 206 69 225 73 231 230 78 65 75 215 210 66 246 208 92 212 86 50 97 54 76 90 95 233 79 217 87 62 64 98 57 81 227 68 209 99 70 240 226 204 241 235 74 83 200 219 88 89 247 232 130 132 293 148 267 112 129 257 260 273 275 131 280 285 141 124 138 297 291 254 108 277 251 133 149 287 259 104 255 127 113 270 140 147 119 279 292 286 120 106 290 136 256 252 101 145 123 298 282 116 
28 21 41 190 189 178 184 164 4 7 194 199 183 163 151 45 33 195 23 19 24 17 167 39 160 40 1 32 5 3 27 43 16 158 187 173 9 169 12 8 180 179 153 170 176 34 48 37 11 38 85 227 66 225 236 89 95 216 202 233 234 92 88 99 78 64 248 54 75 50 209 87 212 77 200 220 63 74 219 244 221 97 201 90 229 96 241 98 70 215 93 60 206 57 81 84 72 71 242 224 108 293 294 137 141 257 261 258 264 280 122 114 130 255 250 134 116 148 278 252 101 133 103 298 128 107 283 115 102 121 136 285 295 274 126 256 263 132 272 277 290 253 268 254 262 292 146 266 259 139 
160 155 188 26 178 44 49 157 175 34 17 3 12 183 28 46 2 31 19 7 30 16 162 15 11 187 192 156 4 151 45 5 150 39 167 25 163 196 189 42 22 35 21 48 32 24 170 182 164 195 53 67 63 98 57 72 52 234 219 248 69 223 73 76 61 217 95 221 216 99 245 201 228 50 237 60 220 209 246 92 94 218 71 78 229 232 225 205 243 227 200 59 238 74 80 68 62 235 239 241 127 251 278 295 106 142 108 126 116 258 137 270 297 145 143 298 102 130 273 136 254 121 113 138 294 260 283 268 140 286 103 275 266 280 148 133 282 114 110 269 290 123 147 146 144 292 131 124 112 252 
3 19 32 30 197 29 177 159 44 191 41 171 7 38 164 6 35 194 45 175 157 188 160 22 33 167 20 154 168 183 10 37 190 186 174 151 189 179 39 21 180 193 4 163 187 199 13 40 158 23 99 70 55 80 217 231 81 243 75 202 225 54 59 210 50 228 248 73 208 201 245 91 93 65 77 249 204 221 56 68 237 220 213 211 205 95 72 206 203 226 234 229 74 218 82 212 239 60 219 222 102 130 131 114 147 292 132 277 267 268 295 258 109 110 282 271 285 105 299 128 254 263 293 126 140 272 101 273 289 125 141 142 256 275 251 269 281 261 135 139 107 280 149 113 260 115 146 291 250 279 
36 168 2 32 176 153 187 48 26 172 159 170 163 156 35 195 169 185 33 186 18 17 23 5 19 21 157 183 196 161 8 14 44 199 13 16 29 191 47 34 1 192 174 152 30 20 162 154 177 164 207 245 86 53 230 222 54 237 223 232 97 55 241 76 99 77 227 95 240 205 242 93 79 62 246 82 83 66 67 56 74 225 221 73 64 228 214 238 234 213 98 58 65 57 80 88 69 61 87 75 147 257 128 104 122 295 274 292 262 253 129 110 114 296 254 277 263 293 298 260 106 272 102 118 275 137 144 282 251 103 101 136 148 267 285 281 255 126 276 134 299 261 127 286 143 138 105 141 109 121 
172 44 5 24 0 159 31 187 175 186 28 157 188 30 43 26 40 185 42 21 166 16 154 165 198 39 197 10 151 2 155 190 33 38 19 184 161 181 169 27 177 182 12 152 8 191 14 194 170 193 96 220 206 203 57 227 241 208 237 89 51 67 226 242 74 248 236 239 66 228 209 207 73 56 82 91 83 50 99 214 230 53 81 233 244 232 229 76 219 205 86 200 216 218 204 78 52 215 75 238 113 131 296 269 284 123 263 275 250 146 143 280 260 130 299 117 286 135 110 255 278 282 104 281 144 264 254 273 147 127 139 129 115 100 262 149 292 290 265 101 274 141 289 119 145 121 108 132 258 291 
153 2 158 177 178 192 21 179 151 196 185 150 175 166 165 1 186 10 28 4 34 17 37 16 174 22 8 168 199 187 180 170 194 181 182 152 6 19 189 188 164 42 12 33 154 35 183 160 38 43 239 78 220 226 229 206 52 222 63 211 217 81 223 205 62 227 213 232 248 231 215 82 71 216 210 84 88 238 244 241 64 56 240 219 85 95 218 202 69 67 72 59 91 92 83 230 89 75 246 247 262 117 292 109 140 129 259 110 112 120 115 253 263 118 128 111 270 101 113 132 108 133 257 298 142 280 267 125 294 134 123 289 135 265 250 137 256 278 286 273 149 106 260 281 297 283 255 296 274 261 
176 173 40 5 199 23 39 179 14 41 28 1 49 190 25 32 151 158 27 22 24 48 2 37 160 195 185 47 189 186 194 19 184 21 159 12 18 26 45 153 175 163 198 174 7 181 15 36 152 155 201 83 73 226 75 93 205 216 67 69 209 81 91 76 236 212 228 92 64 68 89 218 61 90 66 227 211 208 241 95 55 74 84 220 239 224 80 202 219 222 204 200 65 82 77 237 249 230 223 96 106 110 114 286 109 289 295 268 117 254 130 256 264 131 103 280 262 275 105 282 258 257 294 255 142 297 279 261 265 293 100 281 271 283 115 113 112 141 277 250 288 133 129 119 126 102 251 101 135 287 
197 161 6 194 172 26 3 5 9 28 43 24 2 45 162 173 184 25 42 160 16 171 168 36 40 181 169 35 11 153 49 10 44 188 33 195 22 29 182 179 14 199 187 186 192 193 178 47 4 159 53 95 224 223 243 93 71 235 64 242 60 74 56 99 222 86 51 209 90 211 92 216 212 97 73 84 50 210 62 203 57 77 208 220 227 87 88 200 85 234 249 58 214 202 218 82 96 241 230 68 104 292 266 120 110 142 145 280 279 112 130 117 260 251 146 133 125 267 109 126 252 138 289 290 274 264 113 265 275 270 121 128 276 107 144 111 259 271 139 282 140 141 285 147 273 296 293 114 278 287 
