-1 -1 -1 -1 -1 -1 -1 -1 -1 -1 -1 -1 -1 -1 -1 -1 -1 -1 -1 -1 -1 -1 -1 -1 -1 -1 -1 
719 787 217 844 166 106 55 796 772 816 884 451 600 658 492 179 794 18 548 489 441 692 779 271 20 306 782 
480 599 151 577 972 454 371 547 316 943 389 440 7 386 712 180 912 960 733 593 414 842 723 753 832 96 385 
893 662 265 175 481 629 488 90 951 311 678 80 944 268 670 974 515 952 11 769 938 227 452 797 936 401 821 
621 58 535 410 774 773 956 939 201 579 631 258 460 461 154 652 174 521 383 440 753 942 171 243 639 344 143 
153 183 421 720 836 970 114 673 445 905 631 957 171 20 228 267 323 568 163 288 555 185 837 808 670 112 737 
410 699 524 546 966 278 124 962 666 78 672 466 104 336 622 187 189 512 592 248 668 460 489 915 810 142 871 
828 487 595 695 51 588 495 629 421 90 407 35 171 715 247 104 456 334 751 955 465 689 723 645 959 226 803 
790 586 786 201 506 172 408 732 212 110 407 909 894 460 374 145 29 402 759 597 915 522 348 344 718 126 771 
355 910 480 220 15 97 713 471 839 590 696 45 607 455 808 616 729 581 280 232 243 912 498 191 661 841 368 
720 1 113 599 256 272 524 569 519 540 934 553 812 80 669 258 516 692 548 286 932 781 778 333 96 823 260 
47 363 238 835 244 815 486 24 736 269 124 226 144 651 187 947 853 161 37 724 338 497 716 491 511 349 40 
263 804 116 471 453 389 183 569 864 195 950 747 976 778 130 871 190 459 891 838 123 697 228 505 555 783 628 
116 195 527 579 655 293 102 238 314 589 33 436 167 393 162 0 624 725 897 532 971 568 275 156 289 617 108 
254 427 438 263 969 241 774 958 830 815 775 911 123 357 163 927 374 46 145 761 753 179 475 584 26 413 731 
480 777 726 27 458 147 816 399 637 200 238 965 870 709 727 280 143 130 632 620 475 499 270 922 584 176 930 
444 920 621 407 366 254 814 480 701 412 943 978 810 473 532 158 716 742 45 129 187 76 567 432 807 414 945 
828 970 61 147 458 941 840 55 904 241 501 100 108 189 35 894 261 873 149 750 640 802 191 794 661 961 918 
166 256 443 340 50 249 950 868 907 893 251 291 349 620 806 676 92 240 560 295 928 633 883 473 483 121 704 
946 198 284 23 722 486 209 389 586 714 621 117 298 259 745 191 60 924 131 788 617 294 954 282 584 296 483 
876 506 901 213 332 679 264 418 926 321 524 6 20 603 573 401 468 553 138 29 82 769 528 797 362 513 968 
908 552 311 212 826 230 896 615 120 732 519 936 21 657 536 64 494 446 805 647 296 582 539 232 915 617 503 
665 943 327 377 427 321 417 269 3 535 719 56 646 165 72 0 179 668 299 70 470 597 707 503 255 497 468 
520 939 979 876 722 366 198 623 354 481 663 902 811 834 764 624 802 513 388 242 325 9 689 107 566 19 692 
946 110 8 623 571 765 321 720 278 951 168 832 903 562 107 675 89 227 742 494 698 382 289 447 854 130 266 
421 256 364 83 686 281 540 153 467 703 417 881 197 562 516 229 799 190 817 874 522 76 276 607 912 423 492 
578 346 792 785 840 418 775 637 594 869 262 900 426 831 86 401 385 616 45 921 606 236 288 383 318 892 715 
839 612 738 254 579 563 78 523 939 787 770 806 809 675 21 940 597 724 670 788 386 900 852 248 664 853 878 
886 155 327 972 962 146 209 110 851 880 480 778 135 912 203 885 942 243 227 731 592 555 853 660 689 664 867 
738 284 33 241 910 979 133 839 172 585 421 275 115 608 598 17 607 626 784 496 657 822 521 707 356 890 915 
