-1 -1 -1 -1 -1 -1 -1 -1 -1 -1 -1 -1 -1 -1 -1 -1 -1 -1 -1 -1 
192 202 495 221 321 440 132 307 370 87 414 373 477 311 388 601 21 89 494 50 
235 288 394 133 381 11 246 443 119 556 550 455 111 183 388 98 471 524 459 533 
442 481 209 142 399 413 456 451 229 54 457 438 410 358 317 319 48 127 445 315 
542 493 435 202 510 130 166 414 370 611 27 271 379 363 117 22 29 249 535 521 
266 295 444 344 570 382 204 232 44 21 169 464 379 511 22 156 317 370 229 56 
36 614 326 405 69 86 351 349 609 286 89 580 471 459 544 410 44 550 524 94 
576 290 62 309 507 322 301 544 72 140 243 476 204 183 452 54 360 363 585 150 
206 404 226 356 412 431 366 438 508 503 140 494 236 511 552 370 355 586 123 5 
262 266 26 597 102 507 301 475 395 611 526 127 533 98 366 126 251 208 350 315 
543 305 290 596 419 41 616 246 182 457 511 588 552 564 271 5 574 373 85 117 
562 576 365 31 376 103 478 173 504 22 126 3 237 243 446 47 602 506 445 82 
583 565 290 40 134 490 74 355 194 430 420 401 120 15 541 193 467 452 189 588 
30 26 205 469 329 460 401 222 600 244 121 574 486 106 560 243 117 273 504 49 
142 181 483 528 429 378 358 449 388 599 535 534 291 475 601 179 511 219 380 443 
206 86 36 463 510 80 29 94 243 511 569 140 470 427 54 361 452 153 523 317 
615 381 41 180 488 267 48 506 215 533 401 609 230 191 370 210 57 478 58 2 
279 16 41 608 205 406 297 106 217 601 101 526 93 358 434 156 151 237 555 268 
128 548 582 147 352 298 176 500 54 339 119 197 231 121 471 204 101 169 179 403 
254 436 583 239 423 267 342 193 446 386 443 231 547 261 273 47 471 541 2 72 
344 391 412 163 235 362 456 527 546 246 424 97 308 94 89 124 270 520 42 477 
466 573 30 474 80 190 531 370 5 19 508 360 53 363 425 424 10 222 410 611 
171 248 288 328 131 252 101 161 598 586 291 149 467 168 315 82 400 127 19 437 
24 377 614 493 375 234 82 519 350 478 611 10 191 271 179 44 620 553 151 550 
220 612 290 201 516 378 246 21 231 150 350 552 414 117 17 319 187 427 194 430 
257 566 67 172 493 202 526 182 54 373 569 19 101 166 0 370 47 351 27 462 
45 619 525 603 515 587 189 610 197 13 602 388 324 210 179 170 231 578 166 215 
345 376 203 381 362 442 105 162 132 198 185 229 85 299 519 586 330 15 443 531 
157 343 344 507 518 394 610 27 499 320 600 368 427 534 228 185 527 208 553 478 
262 130 412 382 428 293 521 246 106 47 425 19 94 54 611 451 230 486 350 98 
