-1 -1 -1 -1 -1 -1 -1 -1 -1 -1 -1 -1 -1 -1 -1 -1 -1 -1 -1 -1 -1 -1 -1 -1 -1 
282 176 166 554 732 386 652 272 253 163 140 382 531 757 436 792 40 804 74 855 15 294 826 719 341 
159 901 934 672 403 864 475 684 309 152 65 91 800 676 966 657 921 910 683 771 505 646 742 562 1011 
474 746 652 475 159 681 166 916 253 800 0 984 745 951 486 869 970 815 661 22 157 164 33 11 933 
266 407 228 101 178 597 962 245 43 240 915 976 404 791 259 966 444 749 524 81 744 646 514 870 414 
577 796 3 517 238 942 901 718 325 234 113 39 954 887 883 194 842 214 620 217 424 859 608 933 135 
625 222 359 221 572 284 101 448 143 570 151 310 158 350 794 637 432 441 781 735 846 505 411 562 550 
448 161 831 638 681 101 180 901 39 91 240 768 420 5 136 308 323 985 453 34 787 840 714 393 414 
927 586 585 515 403 783 788 1014 943 570 662 115 624 848 235 791 362 687 563 85 623 188 349 539 936 
825 133 284 347 101 856 489 18 532 555 404 954 616 666 728 931 636 370 912 819 252 58 357 598 241 
711 576 190 554 542 18 778 49 0 152 764 535 293 215 132 219 913 970 690 737 269 100 328 599 834 
446 45 934 76 864 355 975 342 768 260 943 814 39 908 869 123 426 498 699 111 787 777 947 343 518 
21 696 655 832 572 741 778 672 967 800 808 529 925 827 415 318 727 687 835 31 899 623 466 615 509 
149 492 475 856 2 445 45 224 152 485 59 731 1000 878 487 671 727 528 496 34 239 116 1011 244 602 
741 747 934 678 76 221 103 902 104 99 522 520 1000 200 308 695 246 650 603 429 969 58 69 135 566 
849 133 160 681 561 821 1007 785 283 555 293 817 534 968 848 938 993 868 258 567 899 744 599 936 685 
852 502 262 409 195 540 198 484 531 404 844 140 555 734 963 823 306 54 305 270 50 969 349 128 818 
360 894 940 2 302 803 386 918 616 0 20 731 909 587 380 120 571 362 438 530 146 402 391 56 888 
747 1010 70 492 746 190 502 659 574 924 935 760 88 869 248 827 72 829 261 736 208 840 213 289 383 
655 45 337 884 502 49 179 527 184 122 332 990 935 5 183 235 503 89 428 170 102 468 609 834 137 
475 613 178 934 964 51 226 73 115 574 772 316 851 537 519 7 946 1005 442 217 777 857 454 627 251 
641 229 585 785 180 923 1010 166 87 889 743 782 959 41 938 775 369 432 90 102 208 164 714 66 206 
556 1 407 266 222 347 178 655 529 334 764 184 420 199 83 97 442 811 636 124 839 278 128 379 353 
542 446 284 527 70 1010 962 169 844 531 382 309 184 887 938 770 626 815 258 567 408 124 206 341 443 
226 942 179 161 902 659 856 149 909 800 332 924 418 543 491 171 932 830 874 646 819 102 645 539 95 
169 638 942 718 825 409 512 941 87 809 20 98 283 219 460 963 985 674 305 773 28 533 1011 244 443 
747 856 551 176 641 224 515 282 935 990 139 317 477 431 193 126 74 370 362 157 621 303 950 716 135 
51 21 107 572 1014 180 390 832 325 760 39 358 906 78 679 682 592 261 985 102 208 886 61 514 330 
238 2 648 512 821 359 975 222 844 115 47 805 20 223 38 958 845 365 290 769 867 457 933 64 703 
572 576 831 471 597 890 556 927 954 127 789 163 59 97 41 77 853 578 307 557 810 402 292 287 206 
