-1 -1 -1 -1 -1 -1 -1 -1 -1 -1 -1 -1 -1 -1 -1 -1 -1 -1 -1 -1 -1 -1 -1 -1 -1 -1 -1 -1 -1 -1 -1 -1 -1 -1 -1 -1 -1 -1 -1 -1 
136 138 90 52 93 5 154 128 24 20 37 56 80 75 1 86 123 98 17 79 266 163 22 206 185 173 238 14 244 189 242 196 172 239 263 184 260 248 177 245 
60 114 155 68 37 47 135 5 24 33 8 111 134 21 142 154 42 43 104 128 186 197 231 232 253 179 30 196 234 237 26 212 208 194 199 34 244 257 240 7 
72 134 136 101 97 60 96 105 67 75 73 62 147 141 43 157 70 13 119 81 10 167 203 201 166 184 233 229 11 165 202 225 260 162 179 206 230 169 22 175 
87 20 60 123 44 28 143 128 136 159 58 9 21 114 115 127 41 90 82 32 235 257 263 182 39 216 23 38 234 238 178 229 160 177 252 220 15 10 241 230 
17 139 137 89 134 54 105 4 95 74 146 83 85 135 122 62 114 20 99 25 166 208 34 27 231 161 11 31 232 261 174 221 199 183 213 176 197 215 180 223 
68 109 131 97 148 123 91 129 107 116 47 150 13 74 130 87 94 36 75 42 198 15 197 225 243 171 203 174 207 22 175 259 220 185 167 184 188 244 208 213 
76 93 72 135 49 75 82 41 138 143 64 103 16 53 152 154 153 118 78 136 205 247 163 244 240 202 220 14 26 227 195 213 215 2 179 192 184 217 228 182 
158 52 36 149 71 137 65 17 69 5 100 104 8 153 33 144 121 72 95 132 234 163 175 161 188 171 243 213 169 173 244 261 227 219 183 207 255 200 225 14 
112 90 129 58 106 140 45 111 122 1 107 139 55 97 82 44 16 54 83 36 185 160 182 246 2 201 242 204 263 161 198 208 190 267 7 22 222 173 238 252 
124 37 47 74 51 67 139 65 42 120 122 78 99 108 58 61 12 142 46 76 14 243 192 38 198 262 265 172 247 264 11 222 240 200 206 31 249 259 193 183 
118 81 21 8 0 82 72 77 12 49 103 55 152 24 40 142 93 51 117 124 232 231 207 205 179 192 174 26 235 193 267 248 201 236 255 18 228 218 199 184 
9 37 44 8 138 50 70 32 117 78 123 84 76 49 81 136 137 86 29 142 177 260 18 169 253 182 34 167 175 225 192 220 14 191 176 179 236 160 198 195 
117 136 131 66 53 21 33 95 121 134 86 41 104 112 85 127 76 106 91 5 225 188 170 172 185 179 182 38 190 193 166 6 202 177 204 239 259 200 222 232 
135 107 150 32 103 24 101 20 92 86 154 118 47 60 119 63 21 40 51 5 254 231 218 165 23 248 182 207 198 187 190 208 206 34 222 183 15 233 216 160 
155 59 122 135 149 148 54 43 32 131 8 61 28 57 114 94 133 105 58 132 264 166 186 211 252 258 202 238 220 3 180 253 167 216 34 224 244 225 6 11 
68 56 128 103 99 63 107 145 138 109 62 20 92 106 13 36 82 131 0 42 252 189 186 227 251 35 265 160 172 177 257 231 224 225 179 26 267 174 188 215 
40 152 102 157 119 137 114 36 53 141 122 92 86 56 154 65 112 107 151 64 172 225 243 31 193 239 246 245 22 164 2 252 258 176 30 11 191 181 213 249 
33 59 64 88 21 12 43 153 127 0 8 76 152 158 66 147 74 139 92 156 39 188 167 192 244 233 186 232 175 193 256 242 190 166 201 170 262 237 180 259 
52 104 63 5 13 28 145 67 60 40 121 113 93 144 89 91 77 111 96 59 247 205 39 162 211 219 255 191 164 31 258 235 212 256 207 232 176 195 248 237 
121 97 49 40 132 73 67 137 124 75 146 61 81 79 71 82 131 69 143 119 255 209 225 191 183 267 266 204 31 224 174 226 243 247 165 2 175 39 259 213 
77 47 20 69 140 89 72 135 68 154 146 80 131 98 95 153 134 119 143 48 166 243 6 204 196 182 161 39 206 2 212 203 219 23 211 167 194 169 3 35 
125 119 156 28 149 154 63 137 67 121 9 60 146 107 53 61 80 118 5 57 180 2 227 23 163 246 210 170 166 192 213 218 199 267 255 186 22 242 241 19 
92 33 48 131 63 137 51 111 156 99 142 55 135 126 44 105 141 52 150 82 161 218 236 23 224 215 180 3 263 34 247 174 252 191 253 244 214 173 175 223 
42 82 8 83 94 150 55 40 113 89 129 49 73 97 121 65 159 95 54 59 185 197 262 202 244 224 10 199 231 195 186 267 170 210 265 206 211 179 200 165 
69 52 145 116 90 45 28 128 103 43 95 108 8 83 46 106 159 138 126 146 188 34 242 38 219 243 234 2 246 187 250 169 258 212 262 193 207 235 168 27 
54 110 132 126 80 4 16 146 115 138 40 29 111 44 67 104 79 85 141 88 231 160 205 18 31 11 240 35 254 233 219 14 214 265 194 208 187 227 218 262 
159 63 28 158 72 75 40 118 123 83 146 77 140 70 112 36 4 156 143 153 246 227 215 172 222 260 183 236 262 14 240 243 238 19 219 22 265 186 214 23 
131 25 129 141 157 93 142 99 127 119 69 61 71 95 89 16 149 12 83 79 203 180 178 260 228 213 11 15 167 27 177 198 39 10 246 225 231 171 221 173 
41 60 100 142 147 112 97 29 58 151 124 1 53 149 120 121 63 152 158 133 164 181 14 6 218 221 245 247 225 35 183 246 39 177 219 204 255 7 259 264 
