-1 -1 -1 -1 -1 -1 -1 -1 -1 -1 -1 -1 -1 -1 -1 -1 -1 -1 -1 -1 -1 -1 -1 -1 -1 -1 -1 -1 -1 -1 -1 -1 -1 -1 -1 -1 
90 116 59 126 136 75 81 82 103 99 69 87 29 21 78 63 38 67 158 145 156 26 18 159 148 151 10 165 14 161 142 155 30 160 15 3 
86 72 100 106 56 92 38 37 117 16 95 50 65 48 29 42 109 136 162 143 26 146 30 153 161 35 23 158 156 6 18 142 14 165 160 31 
29 119 0 116 56 33 93 128 60 70 57 102 38 112 86 122 94 54 18 153 147 7 23 161 164 22 35 165 143 159 31 145 155 151 15 19 
39 12 101 70 78 102 95 33 5 126 114 122 8 97 73 47 29 139 161 22 157 11 154 143 156 35 150 3 144 155 146 31 165 162 163 151 
70 132 72 82 121 56 37 100 95 81 50 68 75 73 69 58 99 21 146 27 163 145 35 31 6 19 154 149 14 151 22 155 158 15 30 10 
117 57 82 65 127 100 118 89 98 43 138 46 24 102 110 67 139 53 156 154 152 6 164 149 7 22 162 163 3 144 35 11 150 14 146 34 
132 72 38 37 96 107 48 44 98 137 116 64 80 57 53 21 5 83 142 154 6 153 23 35 159 2 149 152 15 19 145 22 147 150 162 26 
63 58 65 28 21 54 12 119 94 17 39 109 5 25 43 49 42 40 142 153 147 162 159 165 163 34 143 149 6 157 23 144 11 164 145 160 
51 91 111 67 128 24 36 139 120 113 33 5 41 103 112 138 43 9 2 149 23 152 157 160 34 159 143 22 161 163 142 11 153 7 164 15 
65 62 37 140 52 109 111 55 82 40 133 58 138 67 43 115 33 106 10 22 27 158 31 15 26 7 152 164 153 161 149 157 163 6 155 150 
133 89 62 102 121 13 21 141 117 118 64 24 135 16 58 68 74 52 10 26 161 144 155 19 22 162 2 156 165 153 142 154 15 143 158 152 
133 53 13 77 99 102 83 24 134 59 57 81 74 100 29 33 139 75 153 147 2 6 156 14 165 30 157 22 34 3 160 164 151 10 149 155 
57 75 123 24 88 110 21 77 55 132 80 116 69 12 73 120 49 40 23 22 156 11 7 146 30 2 145 143 155 3 157 14 18 31 26 164 
44 21 64 114 58 72 65 56 59 62 129 91 118 81 74 109 49 12 145 14 31 35 15 18 164 158 23 154 161 142 151 22 2 146 155 7 
67 137 42 82 43 91 84 129 32 111 59 134 114 46 64 63 29 40 6 158 163 164 156 147 148 155 10 153 149 146 2 154 27 19 151 165 
104 97 45 109 129 133 131 75 116 49 126 82 93 68 43 20 127 16 22 142 3 26 149 162 147 155 148 150 146 15 11 34 18 35 7 145 
139 74 20 129 107 51 103 8 120 109 137 17 83 1 121 75 64 66 151 7 165 19 164 158 154 162 142 148 26 15 163 18 159 145 156 161 
1 28 57 43 107 40 20 58 53 98 79 74 47 121 75 87 60 5 152 147 164 34 144 154 153 6 150 156 159 7 3 162 27 19 163 11 
48 115 120 113 67 84 47 4 5 12 36 106 139 134 0 16 38 46 164 156 163 152 35 150 22 18 27 160 143 158 30 146 23 10 154 157 
114 4 65 105 52 38 121 72 103 139 51 62 140 71 32 87 0 59 145 3 6 160 159 144 18 35 11 152 19 164 14 161 156 165 22 149 
108 20 36 28 103 29 55 69 131 123 9 86 21 133 79 84 41 125 2 160 162 22 163 161 15 31 146 152 23 157 156 148 26 155 164 30 
47 62 119 17 135 92 94 43 33 104 68 12 52 134 9 91 1 120 163 159 22 35 150 2 3 148 160 155 18 14 152 23 156 11 162 15 
112 93 111 105 53 4 17 140 74 42 134 67 32 136 85 125 9 72 158 26 147 18 162 10 149 143 155 31 154 22 19 30 3 152 6 146 
20 139 9 120 24 44 5 64 48 77 126 116 106 80 89 67 37 81 156 165 155 164 27 34 151 35 31 161 19 159 10 147 11 152 163 6 
117 5 98 51 106 141 99 138 71 129 131 16 101 87 43 86 72 130 35 10 31 148 151 156 26 150 2 153 161 14 145 159 7 144 19 154 
56 71 129 13 91 50 52 65 80 119 134 74 106 82 60 137 42 85 164 2 160 148 23 151 146 154 30 15 18 6 163 156 157 3 35 22 
1 76 51 82 90 130 140 16 32 60 74 136 8 59 62 70 102 98 35 157 158 19 2 18 10 150 149 159 27 143 30 163 154 161 22 153 
1 13 49 109 130 37 42 58 133 112 116 69 54 108 46 51 106 121 3 160 158 148 15 144 159 31 143 34 30 152 163 19 157 153 147 11 
118 126 70 140 72 71 133 76 49 67 135 0 69 123 33 114 101 141 149 147 143 2 157 145 15 159 23 7 151 142 27 26 164 154 34 165 
