-1 -1 -1 -1 -1 -1 -1 -1 -1 -1 -1 -1 -1 -1 -1 -1 -1 -1 -1 -1 -1 -1 -1 -1 -1 -1 -1 -1 -1 -1 -1 -1 -1 -1 -1 -1 -1 -1 -1 -1 -1 -1 -1 -1 -1 -1 -1 -1 -1 -1 -1 -1 -1 -1 -1 -1 -1 -1 -1 -1 -1 -1 -1 -1 -1 -1 -1 -1 -1 -1 -1 -1 -1 -1 -1 -1 -1 -1 -1 -1 -1 -1 -1 -1 -1 -1 -1 -1 -1 -1 -1 -1 -1 -1 -1 -1 -1 -1 -1 -1 
189 93 59 98 67 89 104 76 95 80 157 146 181 8 187 82 191 45 35 24 7 169 73 165 137 183 107 34 197 111 133 56 37 131 55 171 168 57 176 175 180 132 58 1 116 196 163 3 40 43 154 158 22 136 71 159 120 84 94 81 41 190 44 51 16 42 112 128 100 182 86 32 20 9 27 54 75 141 50 5 144 148 122 135 18 129 109 62 19 115 33 151 48 186 91 97 147 177 12 127 
169 119 87 15 24 98 183 181 101 45 153 31 174 137 95 161 157 53 134 82 170 76 165 118 155 0 132 179 28 57 152 150 70 111 175 23 106 131 168 65 171 145 1 49 107 96 55 60 158 126 112 16 113 44 41 78 13 178 22 154 63 102 128 100 71 83 198 105 43 27 141 11 173 32 10 47 69 122 109 91 135 148 21 164 151 62 26 5 121 115 12 14 19 97 144 177 199 127 86 6 
38 39 187 118 93 101 30 157 35 31 183 89 15 165 155 119 181 0 36 192 82 73 80 24 53 169 111 55 37 152 124 171 1 138 133 131 72 107 163 168 116 99 143 88 106 66 52 84 195 41 85 63 100 154 172 83 64 112 160 110 178 13 94 114 79 120 126 22 16 173 26 6 115 91 47 2 164 86 186 19 20 141 9 14 144 5 69 21 90 46 18 139 32 33 50 11 121 62 148 68 
89 169 101 146 4 191 165 30 53 118 39 170 188 15 77 153 95 137 87 155 98 31 67 36 8 181 28 61 72 185 99 143 106 34 57 175 17 23 150 152 184 49 52 142 37 116 96 16 198 159 84 160 42 130 112 40 79 154 13 149 114 94 140 156 60 172 105 136 3 33 139 14 62 50 46 29 26 148 21 54 199 173 127 122 5 68 32 164 115 147 12 151 129 18 27 20 141 10 182 9 
73 31 157 137 191 192 59 38 95 188 89 76 39 123 87 15 80 4 165 36 104 170 153 183 169 93 111 116 55 176 1 145 52 124 180 72 166 106 108 66 179 49 56 61 99 96 171 117 128 156 74 158 22 16 84 120 136 112 114 60 42 162 140 94 149 113 130 125 81 32 151 91 90 33 199 115 50 6 141 26 5 20 147 69 10 173 186 122 86 11 139 121 127 164 97 182 109 12 177 68 
31 123 8 38 45 30 67 73 104 76 98 169 167 59 187 137 134 188 95 93 189 157 165 170 183 174 197 138 66 25 57 152 175 58 108 56 1 28 72 55 49 179 111 132 70 106 116 83 195 84 159 112 60 41 178 117 120 114 126 3 136 190 22 13 42 198 125 16 110 141 186 115 26 139 27 148 14 62 11 9 122 2 33 10 182 46 177 92 97 144 75 20 5 12 129 21 48 147 6 69 
181 39 123 53 189 38 45 118 36 82 4 192 87 95 7 165 174 170 101 8 24 134 35 67 15 191 61 56 132 108 142 116 193 103 196 168 171 180 124 197 175 145 131 37 143 88 150 84 198 194 172 128 112 16 162 114 110 85 125 130 195 126 78 60 44 94 43 51 40 5 47 91 32 12 18 10 68 46 33 75 121 115 147 62 29 86 109 144 50 54 9 20 129 48 11 6 26 186 173 148 
67 8 73 155 191 7 30 167 45 183 181 38 0 134 157 192 170 146 95 137 39 87 165 174 161 4 49 176 171 193 57 142 56 65 145 184 25 179 163 66 175 116 96 185 166 150 111 81 112 60 94 120 162 100 160 178 140 149 190 78 3 105 85 126 198 44 102 172 136 48 173 47 62 26 115 50 127 186 177 10 91 14 148 109 164 139 141 54 46 144 92 75 12 147 135 68 121 90 5 69 
67 0 82 59 119 73 187 183 123 89 36 153 7 24 39 76 31 157 15 155 53 165 45 174 98 80 96 106 72 111 175 185 17 142 124 168 197 56 133 61 28 150 103 49 193 23 55 44 130 63 60 156 78 84 162 154 16 105 71 114 195 112 102 42 94 125 178 41 85 32 21 69 109 91 48 151 9 19 122 62 6 127 20 50 129 33 27 75 144 92 147 186 26 148 14 97 139 18 90 115 
73 7 134 80 98 67 24 153 169 170 0 104 39 87 146 192 89 77 174 82 35 165 191 59 95 118 111 37 1 184 133 142 171 193 55 196 72 58 57 103 61 49 131 145 185 116 65 195 81 84 130 172 100 178 22 42 105 154 16 113 94 102 136 40 117 60 114 43 198 129 6 69 10 54 48 97 182 121 90 21 91 20 75 122 14 5 186 147 32 115 173 86 47 19 11 18 151 109 139 26 
104 181 8 95 30 82 31 155 183 87 123 76 0 15 80 170 101 189 134 35 161 118 67 4 93 36 96 175 179 180 107 57 23 72 116 37 193 168 145 56 58 133 184 196 132 17 61 140 3 51 114 136 154 16 178 60 195 126 105 120 43 42 63 41 81 194 102 100 156 19 199 177 46 186 48 29 10 9 91 164 5 54 92 12 147 21 50 173 69 62 47 148 2 68 32 33 20 141 27 122 
123 36 98 167 87 4 188 77 45 95 104 170 30 93 80 0 183 155 7 181 76 134 39 24 169 174 145 133 56 168 184 185 116 138 65 34 132 1 23 142 152 37 57 70 150 52 175 158 63 159 140 160 190 149 105 125 60 43 126 78 74 81 113 172 71 178 136 40 42 75 50 182 199 19 177 121 29 26 86 91 9 135 127 109 20 186 11 47 12 69 164 10 62 92 14 54 151 148 32 27 
187 77 95 36 76 134 31 165 153 123 38 87 30 67 4 35 24 53 7 39 169 191 80 137 192 59 52 138 168 72 163 143 25 179 185 152 131 66 107 142 56 96 193 106 88 34 133 81 71 198 83 125 41 22 126 149 85 84 102 13 43 94 74 60 78 117 105 51 156 26 32 141 91 12 11 177 29 92 97 182 33 68 14 18 27 2 109 19 62 147 90 9 199 10 46 122 164 173 21 129 
134 189 104 35 7 155 170 73 38 31 146 181 187 80 4 192 95 53 8 161 191 77 82 0 169 39 17 197 166 56 25 70 72 103 138 34 168 23 152 171 28 37 111 142 175 143 184 51 190 16 105 83 114 81 154 13 74 112 42 125 94 64 159 128 194 41 113 60 156 141 2 12 54 19 151 121 48 69 5 127 50 186 90 122 10 144 47 148 21 139 18 11 135 173 32 62 33 115 129 9 
174 167 59 137 191 36 80 157 82 134 146 169 89 183 53 31 187 0 8 45 155 77 123 39 189 7 132 171 131 185 56 57 23 106 133 34 1 175 55 168 111 196 17 193 99 25 37 120 22 43 159 71 160 85 84 178 110 112 81 140 102 126 79 128 51 149 13 83 114 144 62 2 173 147 47 109 5 141 121 122 69 12 115 20 127 177 86 91 90 29 139 11 33 9 151 199 18 92 48 68 
123 101 76 118 181 98 165 174 95 53 119 183 45 191 38 192 155 161 77 31 87 80 167 134 146 30 132 163 55 58 196 28 70 179 1 116 184 143 142 145 49 133 99 166 171 17 185 117 78 105 3 94 60 81 64 194 158 120 100 42 112 160 190 71 172 83 178 162 43 122 26 5 69 177 129 127 148 10 20 173 115 97 141 90 46 186 199 12 2 62 32 182 48 27 29 164 144 21 92 68 
31 4 67 104 35 137 7 36 53 189 181 89 98 134 170 87 38 24 119 192 191 73 153 123 161 155 175 108 72 1 34 96 163 66 143 58 17 193 52 124 70 57 197 145 168 37 61 154 44 158 198 149 162 172 71 16 160 100 81 125 13 83 105 117 3 178 120 102 22 97 68 62 109 92 91 48 151 18 173 121 86 2 141 90 54 129 11 33 186 46 50 32 147 144 139 19 12 148 75 29 
118 53 189 170 38 45 167 30 8 7 24 153 39 67 183 77 146 157 101 169 73 161 93 104 76 89 143 179 180 61 163 197 17 25 176 131 185 55 34 116 99 107 57 111 145 1 166 16 110 160 195 149 120 190 51 156 74 114 140 100 43 178 41 63 60 13 158 3 83 29 129 135 68 47 121 199 11 164 75 186 54 86 92 19 33 50 97 48 109 182 18 148 32 20 62 147 26 177 14 27 
155 137 153 146 192 169 4 123 7 31 15 38 191 118 45 36 95 187 77 157 80 119 8 53 73 104 56 124 116 96 49 185 180 28 25 131 197 55 176 52 1 58 132 166 66 111 88 60 83 16 195 63 120 105 128 78 130 110 114 178 159 42 162 40 149 140 160 136 64 86 54 139 26 144 91 164 199 14 10 2 121 48 5 18 47 177 62 50 147 32 127 33 141 69 12 21 115 6 97 9 
137 87 93 170 82 95 59 188 31 104 189 118 77 169 146 191 192 181 174 39 15 45 0 36 153 7 107 185 37 1 70 124 163 171 193 49 58 88 168 106 61 176 25 145 179 197 133 102 140 78 81 3 74 162 94 100 60 158 136 149 154 85 195 194 159 105 112 190 156 12 147 50 9 151 91 21 122 14 18 182 68 139 47 177 127 164 129 10 19 2 144 141 90 109 135 32 26 11 27 173 
73 137 191 93 187 87 181 31 77 170 98 7 59 4 155 76 188 146 67 39 153 189 119 165 161 80 180 52 61 57 88 17 72 25 163 145 142 152 150 34 58 56 28 193 132 124 131 94 112 154 42 190 74 120 63 117 81 71 85 13 78 110 83 160 84 149 60 136 102 54 97 12 135 91 147 50 177 144 69 182 26 86 92 151 121 127 2 48 122 5 115 27 47 11 18 68 199 32 19 9 
35 189 157 165 59 123 87 191 31 0 188 155 137 82 45 167 174 161 153 53 4 67 104 15 170 77 185 70 99 23 28 197 96 66 145 152 132 179 193 142 72 57 55 106 103 25 176 3 84 71 190 198 128 43 156 22 44 100 63 162 140 178 13 42 113 79 105 112 114 29 48 27 139 21 92 14 173 33 135 182 19 2 75 26 127 148 91 177 62 141 5 69 129 115 12 164 86 68 54 10 
24 95 169 87 31 192 76 77 118 155 170 67 183 4 157 181 123 0 89 101 7 53 174 93 36 187 56 179 131 34 103 145 132 88 152 96 65 28 196 116 176 193 17 52 163 185 55 51 172 43 149 60 83 140 42 84 136 110 71 190 114 44 130 78 178 126 162 64 79 148 129 86 54 144 139 91 19 5 135 173 20 2 109 97 92 32 90 27 26 121 12 182 29 10 115 18 48 141 46 69 
82 77 189 76 161 188 93 89 15 59 8 39 119 101 98 170 4 45 53 104 155 123 183 80 181 153 196 175 88 23 72 70 106 171 176 57 168 61 132 193 131 163 107 133 108 145 17 100 83 64 156 149 60 43 78 154 3 22 113 162 51 172 40 63 112 126 130 16 102 32 26 199 75 69 68 139 164 141 33 48 2 92 135 173 62 46 129 121 12 91 9 21 177 186 122 144 20 14 50 6 
146 73 89 157 104 169 45 35 170 4 8 161 36 7 189 93 137 76 53 98 39 15 167 59 95 153 133 180 124 131 37 150 88 1 116 106 52 168 138 185 196 152 56 176 28 57 96 198 113 126 105 41 156 81 136 114 140 172 159 94 16 40 160 63 100 74 130 120 51 21 12 144 186 75 5 92 147 122 48 27 177 14 148 182 91 135 29 129 9 173 121 68 97 20 151 50 115 46 33 139 
87 82 98 187 45 165 183 137 38 30 89 35 101 4 118 95 153 167 93 77 31 123 188 59 192 39 171 143 52 145 61 124 96 28 107 37 1 108 49 72 58 103 131 152 132 34 25 22 194 13 79 71 156 140 110 94 126 16 43 81 149 190 74 125 117 63 64 195 100 164 19 135 147 127 6 14 97 115 69 27 21 20 9 144 92 54 50 11 62 10 47 177 2 48 33 121 129 75 90 68 
39 30 15 67 161 188 0 77 80 95 169 93 155 153 82 146 98 24 137 174 181 31 89 36 4 8 111 180 106 116 150 185 168 55 88 138 103 108 1 196 142 184 70 28 163 179 176 84 113 102 194 40 126 128 198 114 125 16 42 100 136 22 110 162 71 178 74 79 83 127 10 141 147 151 9 26 29 20 75 50 109 97 139 90 177 182 115 186 135 11 91 21 12 14 2 54 46 86 164 27 
67 187 181 155 8 170 104 101 38 15 89 45 76 191 95 146 192 118 137 4 98 82 174 24 189 157 132 17 1 152 111 116 88 171 66 138 197 99 57 176 56 150 131 107 37 55 106 154 3 83 126 130 114 128 81 113 125 63 78 198 100 60 195 112 51 194 110 117 172 115 186 48 21 91 151 135 54 199 50 147 148 92 26 177 62 6 12 9 32 27 75 129 11 2 47 86 141 182 10 69 
157 73 187 161 59 137 82 89 98 31 4 45 7 8 36 87 170 30 38 93 76 80 101 104 67 35 163 180 179 152 17 25 37 61 1 171 176 99 72 131 116 55 49 132 106 143 107 78 114 84 117 112 79 198 102 42 160 13 110 41 120 125 100 178 94 128 81 64 63 48 90 14 164 62 50 151 68 75 54 86 91 10 121 46 21 148 19 69 26 32 147 18 9 97 6 12 141 20 109 115 
