-1 -1 -1 -1 -1 -1 -1 -1 -1 -1 -1 -1 -1 -1 -1 -1 -1 -1 -1 -1 -1 -1 -1 
747 152 665 880 1124 723 222 424 513 549 1145 732 268 866 372 637 630 785 861 1138 1120 151 944 
541 652 1130 882 345 490 924 175 597 938 208 533 509 833 515 941 615 235 84 1104 55 613 543 
1 1015 424 940 533 936 641 651 871 295 1001 278 844 69 759 1034 577 106 935 333 73 489 46 
796 65 116 152 743 208 394 707 554 202 1084 916 6 512 374 655 947 506 531 716 675 20 858 
872 990 717 479 56 485 1094 580 132 446 296 538 1073 374 1038 69 654 791 550 495 360 299 53 
539 878 582 1028 733 467 1049 1154 699 816 796 1071 486 979 604 475 555 139 1006 1076 713 402 269 
720 643 387 918 1045 155 364 363 593 246 289 884 1139 195 428 73 1109 484 831 698 1039 137 844 
1143 64 639 673 930 1044 581 533 1087 424 248 1004 380 1007 1119 17 511 812 1153 365 724 1095 228 
1082 324 245 424 132 38 936 925 904 848 518 169 287 32 432 525 534 509 587 381 374 806 600 
953 1045 57 410 327 548 321 693 854 918 247 955 44 617 252 784 1006 851 215 730 968 1128 356 
518 1021 564 347 373 1143 767 1099 596 250 1028 1001 656 367 711 137 357 836 346 405 110 962 189 
539 953 86 312 796 159 238 332 1058 742 672 906 76 1104 614 644 1042 807 271 194 787 501 420 
880 225 282 119 242 419 314 868 906 1052 136 1021 808 1076 63 124 20 509 420 820 690 657 595 
714 1045 197 955 720 451 298 290 5 541 847 315 489 595 232 112 333 982 43 399 1097 452 400 
679 154 277 66 695 358 746 814 91 987 658 94 614 967 299 127 515 1000 709 89 874 241 415 
16 621 603 533 1051 1062 225 731 954 877 276 185 703 671 232 637 402 200 339 1002 587 24 316 
389 38 307 1052 1111 733 1028 477 743 564 801 480 83 994 740 126 1148 139 39 1073 628 1063 861 
426 314 5 513 707 975 263 1157 293 593 442 1059 328 522 537 615 808 100 1048 195 1075 46 787 
1115 692 612 828 717 773 726 852 1078 240 476 1111 864 677 187 288 432 50 790 486 365 1066 262 
410 533 237 686 998 321 1058 870 13 890 546 701 374 637 615 1096 6 793 1041 1161 1128 778 1104 
1069 450 393 903 667 1106 1158 1003 960 1129 212 848 900 501 675 754 244 961 982 100 359 1010 958 
101 67 500 682 59 221 266 596 411 177 953 990 432 124 681 336 1131 653 776 288 1006 614 600 
557 477 978 852 66 953 1078 1049 1134 695 14 801 677 109 579 420 1098 1002 829 690 1160 400 455 
603 309 586 172 619 1110 818 916 1099 528 122 978 827 39 946 939 455 958 269 1119 243 530 783 
840 1134 16 190 143 707 117 500 704 64 773 463 414 808 977 35 577 653 342 576 69 39 994 
462 660 175 729 639 878 64 8 218 688 16 965 254 69 1075 63 971 1007 797 1160 115 850 635 
26 1106 1 679 373 736 143 956 620 1157 1067 890 563 1098 170 63 529 553 71 438 429 980 428 
411 128 1029 704 410 464 731 533 392 293 504 580 227 568 826 34 287 151 887 93 519 1147 716 
363 138 477 721 1115 1030 479 1150 585 28 586 459 509 668 215 209 1133 874 764 1046 657 1114 614 
