-1 -1 -1 -1 -1 -1 -1 -1 -1 -1 -1 -1 -1 -1 -1 -1 -1 -1 -1 -1 -1 -1 -1 -1 -1 -1 -1 -1 -1 -1 -1 -1 -1 -1 -1 -1 
80 10 8 51 82 54 1 55 79 50 11 4 118 124 129 13 14 112 18 107 131 120 85 96 170 139 159 30 24 168 35 133 137 157 151 178 
39 36 6 77 59 79 1 81 80 83 49 4 98 106 131 99 107 105 17 108 100 92 89 13 32 135 140 177 136 134 144 139 138 148 33 26 
76 82 68 78 57 60 56 66 50 47 83 4 127 88 124 115 129 92 90 117 131 101 126 85 172 31 148 137 141 174 164 34 154 178 150 159 
67 68 0 75 51 38 78 44 79 41 10 65 91 92 98 122 89 125 18 126 100 108 124 127 160 174 150 34 162 136 154 137 30 144 169 165 
44 40 3 73 49 9 39 38 81 11 74 48 86 110 109 98 92 105 18 124 89 104 116 94 165 173 31 172 154 175 137 176 149 177 171 158 
49 60 65 40 50 77 51 3 0 43 62 59 89 91 15 105 97 111 18 118 84 128 113 130 157 176 132 166 171 167 135 175 179 172 35 150 
7 56 73 80 54 11 69 77 58 63 37 78 120 92 94 114 97 99 90 126 105 125 128 103 161 163 174 139 165 35 176 175 155 179 134 29 
77 79 51 82 7 6 72 65 1 69 67 75 85 123 102 128 87 90 122 19 104 120 121 15 139 147 161 143 162 132 133 148 29 145 177 167 
9 52 81 57 78 72 61 0 69 40 37 59 12 117 104 84 89 128 121 16 20 118 22 17 145 25 24 175 137 147 170 179 166 154 149 146 
62 1 48 3 52 41 6 74 36 42 11 5 22 127 131 129 117 112 85 119 124 108 99 94 175 139 173 153 30 135 151 172 35 144 150 33 
80 39 70 37 58 71 44 1 78 11 62 73 103 113 126 86 89 123 98 120 93 107 87 102 147 140 156 162 24 137 27 161 146 179 139 166 
38 78 4 60 67 9 73 7 62 50 43 59 99 119 123 96 130 108 128 117 20 120 116 86 33 149 147 162 177 134 35 157 29 144 146 165 
50 4 61 65 68 5 80 41 79 39 70 42 118 113 84 18 112 101 94 89 114 119 12 110 150 134 152 147 158 154 164 32 26 166 174 27 
56 71 72 68 9 4 74 65 60 53 10 70 18 87 16 109 104 91 23 97 121 110 22 114 175 168 153 159 140 137 157 33 141 134 32 179 
55 2 63 43 8 73 82 59 3 0 48 72 21 111 105 88 113 125 90 122 103 19 130 13 144 166 28 178 30 153 151 132 160 139 167 162 
8 61 69 50 55 63 68 1 7 77 49 6 21 107 119 130 98 19 112 91 94 16 87 104 24 163 152 34 30 150 160 174 32 166 139 175 
59 74 2 5 80 7 56 72 70 8 79 71 12 121 120 93 84 119 91 112 21 88 103 111 163 133 33 161 147 165 135 134 141 148 174 155 
4 37 40 11 6 74 83 66 43 81 61 73 128 115 92 108 89 114 104 93 110 20 84 112 154 170 160 145 150 31 139 134 176 152 151 143 
63 61 77 47 3 53 7 50 11 52 74 36 124 130 18 109 118 85 114 96 20 12 23 22 147 27 31 173 146 132 133 169 34 138 178 175 
44 68 76 75 42 2 59 9 57 0 51 79 13 116 86 130 20 131 126 88 18 104 87 122 150 154 161 144 136 176 35 169 162 24 151 158 
52 37 57 44 55 58 66 79 53 36 4 45 109 123 85 129 87 12 15 115 90 98 103 119 25 155 156 173 28 33 160 176 132 32 171 146 
64 54 50 61 51 41 80 39 81 71 78 57 125 116 101 128 102 105 115 98 118 12 95 129 148 145 136 24 178 160 159 156 151 173 155 26 
5 80 73 54 53 55 50 44 66 71 49 64 93 86 125 15 106 87 23 22 124 104 129 120 159 138 149 29 164 150 32 172 154 153 176 148 
51 8 42 2 80 6 69 46 5 76 39 73 111 126 101 110 90 115 15 13 107 120 93 89 28 138 147 134 170 160 132 178 156 27 142 34 
63 70 44 9 36 0 10 73 51 48 43 80 16 86 122 87 14 84 125 124 116 105 111 102 168 178 27 133 152 165 164 163 144 171 138 136 
68 42 37 44 3 55 59 70 0 64 39 57 20 16 14 126 114 100 91 129 106 96 87 22 35 171 172 33 149 168 158 136 29 146 170 177 
38 68 54 78 45 50 46 74 2 44 61 7 19 20 111 107 120 130 88 16 18 89 117 123 133 155 168 170 27 147 24 32 156 163 169 159 
46 47 41 73 39 58 9 5 1 52 40 42 88 99 116 107 118 122 110 89 16 104 115 17 27 178 133 135 164 154 33 28 134 153 169 163 
53 63 72 74 6 59 51 57 77 11 1 75 125 128 107 115 22 86 17 97 105 15 121 23 27 26 34 178 140 155 147 171 149 133 136 25 
