-1 -1 -1 -1 -1 -1 -1 -1 -1 -1 -1 -1 -1 -1 -1 -1 -1 -1 -1 -1 -1 -1 -1 -1 -1 -1 -1 -1 -1 -1 -1 -1 -1 -1 -1 -1 -1 -1 -1 -1 -1 -1 -1 -1 -1 -1 -1 -1 -1 -1 -1 -1 -1 -1 -1 -1 -1 
72 74 14 68 9 10 59 13 1 61 76 19 17 60 18 26 69 70 77 28 3 67 15 66 0 12 81 2 80 23 54 94 92 43 100 101 88 56 84 34 108 86 106 109 46 40 99 32 107 91 39 93 53 41 104 35 87 
24 70 76 82 72 27 59 16 80 18 83 0 6 13 28 65 29 68 77 15 64 78 23 14 7 58 10 26 17 5 52 102 31 86 41 55 107 33 30 85 90 43 92 96 95 42 110 54 93 36 106 104 32 98 45 38 87 
9 16 23 72 80 11 20 62 66 24 60 61 57 78 2 21 69 58 15 76 65 19 26 0 75 3 28 81 83 29 87 40 34 36 38 47 52 50 92 39 109 48 101 85 53 41 94 99 107 84 100 98 43 89 37 88 45 
82 60 74 59 62 23 17 79 25 57 64 20 18 12 78 58 22 21 9 27 66 61 75 14 26 69 65 5 10 3 92 49 88 84 85 98 102 86 99 46 36 50 106 32 90 97 110 40 91 104 96 42 100 108 54 107 95 
12 75 21 79 10 13 57 19 74 64 78 65 66 5 16 70 58 18 23 63 26 6 80 1 71 59 72 77 20 67 109 105 91 100 96 102 108 31 53 48 97 36 34 84 40 56 110 101 35 104 43 90 93 89 46 42 107 
23 28 5 9 21 83 66 15 14 68 72 64 20 22 81 79 67 26 71 19 25 70 12 29 61 76 2 16 65 74 110 90 44 89 86 102 51 100 98 91 87 88 37 94 85 39 34 56 32 54 55 99 52 47 42 45 41 
73 2 8 13 25 17 62 82 77 16 27 70 66 65 61 15 60 14 0 72 78 59 23 71 74 69 24 19 58 81 37 45 105 91 100 96 43 56 89 38 33 42 47 55 97 48 34 31 110 104 93 94 40 88 36 53 95 
3 19 23 83 20 9 24 4 26 66 72 67 7 75 61 12 6 76 68 16 80 69 21 70 64 5 28 11 27 15 43 50 95 85 33 109 104 46 55 54 40 45 86 89 87 35 52 38 103 36 96 44 99 37 51 41 34 
19 78 57 61 72 27 25 1 2 7 79 17 24 77 64 29 80 11 3 15 73 59 12 81 28 67 6 63 71 66 46 56 38 33 105 43 40 102 101 50 88 89 90 49 37 85 39 100 84 31 54 106 86 44 45 51 92 
81 83 19 21 78 67 7 1 80 15 69 24 14 79 2 59 75 18 13 61 4 3 11 26 64 27 29 58 73 20 104 34 93 106 48 31 108 36 35 86 56 91 53 110 50 85 105 87 84 98 55 96 49 101 41 100 107 
1 10 80 76 63 19 27 17 28 29 72 65 67 75 20 0 23 6 57 79 4 22 2 78 69 74 77 25 18 14 100 50 99 104 91 92 49 109 86 30 40 87 35 45 31 36 32 108 97 110 54 56 37 101 98 93 102 
68 8 73 29 62 19 24 9 80 71 63 65 82 69 61 13 81 83 60 72 5 74 14 20 7 77 2 17 23 18 32 52 102 47 40 109 86 37 89 108 101 45 31 36 88 110 46 84 94 95 41 100 93 39 50 48 105 
76 62 61 26 15 27 67 60 5 29 81 57 70 82 1 63 58 64 20 78 68 22 28 7 23 14 65 19 11 12 48 40 30 97 103 44 89 35 87 50 36 93 86 98 47 101 91 54 99 53 110 107 39 37 84 32 96 
21 18 65 71 69 76 62 7 29 72 58 59 26 57 3 16 78 20 64 77 5 17 9 15 4 13 1 67 25 2 106 37 86 31 46 89 87 45 85 41 32 107 91 108 96 92 100 103 105 95 50 36 52 99 98 102 49 
18 3 80 63 79 9 13 59 27 72 16 62 23 4 71 81 66 24 26 1 61 15 58 10 65 77 75 73 14 25 94 91 96 85 106 103 38 86 44 32 97 47 49 39 108 34 95 87 92 102 35 101 53 93 99 40 30 
25 77 4 16 3 74 28 75 21 12 29 14 70 67 9 23 76 5 13 59 72 6 24 64 65 58 18 19 11 63 33 40 47 49 105 43 55 93 95 31 89 48 41 101 109 35 90 56 103 107 99 96 42 100 39 52 36 
68 29 14 7 26 25 1 63 65 27 77 18 75 64 11 4 16 58 3 8 74 2 73 17 69 19 61 79 80 78 103 96 48 40 52 106 36 41 49 102 110 107 84 98 38 55 99 101 33 54 108 31 109 51 32 34 44 
58 78 6 14 77 27 7 68 18 66 8 81 69 64 76 71 21 73 9 16 26 10 20 1 67 61 62 2 13 5 53 50 33 98 54 45 96 42 109 46 106 56 44 39 40 110 105 37 87 86 35 89 38 32 85 100 48 
68 73 27 25 4 71 14 29 83 78 58 66 16 69 61 74 9 11 77 3 0 65 17 60 18 10 76 5 79 28 30 93 40 39 49 98 38 109 102 55 97 107 43 85 32 35 88 84 99 36 87 89 53 108 101 86 94 
11 21 12 2 59 70 4 16 22 68 14 7 63 0 58 66 64 18 57 65 1 73 28 69 78 19 75 25 6 3 53 45 35 38 46 86 44 43 52 84 103 92 30 88 110 106 42 105 32 54 93 97 39 31 89 99 40 
75 77 73 25 66 13 67 78 61 82 10 60 65 18 19 23 59 9 7 29 69 63 68 21 70 72 74 58 16 27 101 84 85 39 90 52 49 104 107 93 51 44 37 87 43 91 96 42 89 30 102 98 92 53 31 40 97 
23 69 67 79 9 20 5 83 22 81 62 80 73 70 6 57 72 25 14 65 21 71 18 60 64 10 19 28 59 17 95 34 102 43 39 54 106 100 45 36 44 85 42 109 30 33 49 99 108 87 92 90 88 110 98 101 94 
28 60 5 62 22 21 72 24 16 26 63 80 13 7 8 83 73 61 67 6 1 20 15 74 0 64 14 23 68 76 38 99 30 35 32 40 95 96 110 89 31 102 105 90 93 56 84 52 54 41 42 43 55 48 85 91 33 
6 70 0 82 15 20 65 27 29 4 58 79 62 18 21 66 76 57 81 17 28 25 73 13 80 11 68 63 2 7 39 103 34 35 95 43 92 53 52 110 38 50 32 96 49 107 106 101 109 87 102 31 54 48 85 40 44 
77 81 76 73 6 60 25 61 16 7 72 62 21 29 15 79 67 71 9 4 83 74 58 80 28 3 23 18 12 57 43 89 49 56 103 35 42 88 90 32 40 108 48 106 86 98 84 51 97 50 36 99 92 100 102 85 52 
67 10 59 24 23 79 61 13 27 28 68 60 71 83 6 29 12 77 73 65 75 15 57 78 64 58 11 14 4 20 104 30 92 87 99 44 93 90 107 53 37 85 97 43 35 31 55 54 106 33 109 41 88 51 49 105 102 
70 3 22 61 67 25 62 80 68 63 77 72 5 7 73 29 11 16 8 74 75 82 28 18 9 20 6 83 14 78 31 46 33 40 45 100 106 90 52 51 43 103 84 97 92 108 105 104 35 47 102 91 93 110 41 95 109 
22 70 17 23 78 59 11 58 79 0 14 61 80 64 4 73 67 69 26 57 21 66 76 8 72 83 20 9 19 18 37 40 99 39 44 106 104 56 38 103 52 45 34 41 107 88 85 102 91 110 32 35 108 109 33 100 94 
11 75 66 9 5 13 10 29 71 2 64 57 27 58 26 16 6 18 80 8 23 1 73 3 65 69 62 24 63 12 31 88 45 39 101 108 46 93 94 32 92 51 41 102 30 91 53 36 37 42 38 89 44 100 52 54 56 
